42 35 22 10 3
1
-0.06866562 -0.8027289 0.20526397 -0.21572569 -1.1516474 -0.19912155 -0.21693565 0.19863178 -0.62979007 -1.2615684 1.6328896 -0.073216535 -1.7123181 -0.40588334 -0.34276852 -1.2969599 -1.165484 4.0227203 -2.3321474 -1.0530192 0.5632055 1.0321716 -0.048868556 -4.40488 0.76098746 0.23640396 -0.5453651 -0.047142476 7.5211773 -1.1515812 0.0015292392 1.3911815 -0.35893786 -1.1524124 -0.5968597 -0.63208455 -0.2491875 -5.544025 0.42841658 -4.085828 1.1305197 0.7815351 
-0.16208865 0.41637108 -0.2706735 0.27636898 -2.000338 0.6272631 0.0059834262 -0.5523559 -1.7655303 2.0981612 -1.5376427 3.3408382 -0.6388569 -1.1256061 -0.02549299 -0.24413413 -1.5774626 -8.961636 -1.2293636 -2.4025042 -0.9092868 -0.89998406 -0.6200325 -2.7156053 -0.2911203 9.456211 5.816169 0.5159989 1.0569283 -0.32635784 -1.7484555 0.084335744 1.3695863 -0.5217764 -0.72909576 -0.8894031 1.0375029 0.0028308644 0.3346069 -0.29363567 10.128571 -0.62684596 
-0.115135014 0.040989745 -0.06475898 -0.110634655 0.017808974 -0.14404969 0.014646732 -0.04967739 0.14297697 -0.37132686 -0.3547177 -0.1122651 0.114408344 -0.016295755 -0.06745447 -0.2823329 -0.38890108 0.29694188 -0.36421356 0.04306263 -0.19983232 -0.030327937 -0.035682704 -1.0282657 -0.1410068 -0.5695382 -0.40005952 -0.085854165 -0.09118768 -0.426983 -1.1030188 0.10894976 1.453478 -0.40882492 0.17943658 -0.038208146 0.27106386 -0.9561882 0.0949072 -2.1858916 -0.37872657 0.15350677 
-0.09352981 -0.0622737 -0.19263421 -1.9577614 -0.055107698 -0.13827652 -0.14041676 0.06453007 -0.5300798 -1.5408002 4.2605295 1.8913393 -1.0635554 -0.079263665 0.061205573 -0.06523879 -13.772156 0.0008836151 -3.7523623 0.697381 0.007969237 -0.31227526 1.621197 -4.986473 -0.07637086 2.8214352 -1.8728975 -0.31728944 -0.3576007 -2.4664931 -2.5876973 0.55895966 1.0047654 2.1590853 -1.5475087 -0.233758 0.73688805 2.1273968 0.2245907 2.2553303 -0.06347573 -1.0268791 
0.13620254 0.10713674 0.11186037 -0.0838658 0.1182407 -0.054300644 -0.12778996 0.052571256 -0.11891904 -0.13103715 -0.34269106 0.08329288 -0.13024472 0.1464031 0.05600849 -0.18202971 -0.34749627 -4.59882 -0.28677884 -0.20389743 0.06429295 0.09479426 -0.36135274 0.3501022 -0.55894613 0.08562794 -0.45950577 0.022281928 -0.2104464 -0.30260056 0.089547314 -0.47513017 1.677948 -0.39443716 -0.40241814 -0.28687063 -0.7327683 -0.076312184 -0.17124094 0.6464602 -0.45318902 -0.8340168 
0.10326078 0.15729247 0.05312187 -1.3642232 0.4659643 -0.14869694 -0.1599802 -0.17132126 0.48447666 -7.8019853 1.9973612 0.7291496 -0.68632555 0.24080153 -0.008548438 -0.74837226 0.13007648 -6.3617935 -0.87873554 0.24141988 0.43074363 -0.82673526 -0.124780014 -0.76203626 -1.3593606 9.849369 -7.803011 -2.111567 -1.6389897 6.3986545 -8.128323 -2.9576242 -2.7484572 1.7653524 0.9762054 -0.41742873 3.5304177 4.754828 -1.390175 0.11436006 -0.49793848 -0.3988594 
0.52905256 1.6787333 0.12288585 -0.97431904 0.15315804 1.1439885 0.6371994 0.96799767 6.796618 0.48418376 -3.2226331 1.1649117 -0.2302714 0.7950664 0.1366082 0.85249424 2.4749222 -8.777017 0.41356432 -2.8338006 -0.34475625 0.9034837 4.621576 0.68919134 -0.5026105 2.9553719 -5.2242446 -0.571641 1.245072 0.400618 0.7771179 -0.016294891 -1.9664376 0.7388427 -0.71135765 2.1611578 -1.0699749 -3.5974863 -0.3616433 -1.6839765 0.3175926 0.86975425 
-0.023136301 0.10600986 0.109274454 -0.27056485 0.116610445 -0.11318191 -0.04464104 0.06139063 -0.5152865 -0.15870805 -0.9034548 -0.078538164 -0.022234038 -0.1426494 -0.23242302 -0.29365844 0.25070414 -5.172517 0.21010768 -0.010974391 -0.19255453 -0.5128355 -0.9365258 2.2126942 -0.36322293 1.8648903 -0.9092917 -0.4037004 -0.54884624 0.31882435 -0.4315355 -0.24119653 1.0363255 -0.13575694 -0.46183106 -0.1738164 -0.5627965 0.2507272 -0.55805606 -1.9237303 -1.3731714 -0.9320469 
-0.13943806 -0.10156789 -0.22243306 0.742815 -0.24704958 -0.196623 0.081046745 0.02194911 -0.21053597 -1.7393339 0.28078806 -1.7566366 -1.3523189 -0.07478084 0.0776226 -1.7846509 0.71280336 0.0461534 -1.1748908 -1.0563998 -0.4751772 -0.45359048 -1.1808658 -1.6497362 -0.37352917 1.5554937 1.9361194 0.50953096 -0.36753187 -1.5830799 0.4520468 -0.45639405 -0.7134508 0.90738297 0.5594178 -0.08729831 0.28925806 -4.1651735 -0.1984778 1.471146 -1.9017631 0.80747956 
0.122639276 0.17459075 -0.13146763 -0.42581317 0.11459571 -0.11715805 -0.07639283 -0.015865479 -0.2538341 -0.50050443 -0.79684466 -0.10212683 -0.17422347 -0.094401404 -0.071022674 -0.40108302 -0.54569906 -3.3794844 -0.19681321 -0.056944404 0.11647279 -0.19297355 -0.5918417 -0.40998414 -0.31945133 1.0124826 -0.5096403 -0.20448294 -0.39693585 -0.07315842 -0.5994801 0.026530663 1.0787091 -0.26538333 -0.41768378 -0.3010633 -0.58179545 0.1543758 0.22248088 0.72816277 -1.3174273 -0.92984146 
0.06930922 0.050003752 -0.05636578 0.31327486 0.06452816 0.07567899 0.08650747 0.080241576 -0.32609168 -0.37043932 2.7693517 -0.17663527 -0.21304576 0.031079601 -0.071936004 -0.4144298 0.36738 -6.486645 -0.4856049 -1.149825 -0.41290244 -0.14564985 0.9601102 1.0649767 -0.76819956 -0.46641013 -2.4953032 -0.45332757 -1.091599 -0.8908159 2.3358922 -0.40194115 2.0702817 -0.45848703 -1.0453168 -2.6612127 -0.33711618 -3.1534922 -0.090221986 0.35211015 0.7499892 -1.7271291 
0.05623378 1.3354576 0.16221316 2.0653489 -0.10011558 1.0349778 0.14426956 0.11909042 1.0831335 0.60171854 -1.181223 -0.912407 3.673516 0.9739201 1.6572949 -0.69899553 0.7504451 -5.414363 7.071981 -0.57391876 2.2777572 3.804275 1.5179393 8.817408 -0.32701844 -5.4773936 1.279406 1.615438 -0.6520732 2.4701774 3.3373418 -0.045904774 -4.2825184 -2.8864632 0.06327147 3.345012 -0.9709392 -3.8039246 -0.24382986 -0.22095677 -1.9579046 -0.6619735 
0.1917411 0.79838073 1.0574731 -0.118550725 2.657836 -0.25193262 -0.09338861 0.22043942 -1.1365694 -3.2402883 -1.1032392 1.3059553 -0.9147564 0.5835768 2.1664157 -1.8384273 2.421918 -0.58649534 -0.53629214 0.523082 2.662763 6.734005 8.413759 -0.09062449 -0.18953821 -6.08002 5.632329 -0.87813514 -1.4192903 -0.25522357 1.2658597 0.5283764 1.848012 -5.017232 -0.08668611 1.5330489 -3.093116 1.4895537 0.5588496 -7.2768617 -0.1263939 -0.092052296 
-0.014115564 0.38044828 0.16077232 0.18702948 1.6025071 1.5237751 -0.05588039 -0.390056 0.048231155 0.9185006 -2.644814 -0.4832351 2.7482908 0.18707454 0.3324914 0.44534752 -3.1949818 -9.433065 2.7446933 -0.43576255 -1.1125724 2.2166064 15.236338 1.4327656 2.4123266 -17.590132 -0.31852812 0.46614155 -2.066871 0.20893782 8.979993 4.8071346 -2.1129224 2.9174786 0.04880092 0.57850593 0.604767 -2.2184553 2.6788006 4.153145 -0.056361336 -0.16535223 
-0.08047336 -0.023578433 -0.18906282 0.15239656 -0.07683703 -0.005788592 0.03166205 -0.053111486 -1.003233 -2.040163 -3.5740833 -1.526669 -1.6134703 0.18148549 -0.024003677 0.029406106 0.23322405 -2.5966709 -15.511915 -2.4203725 -0.0070366384 -0.5939603 -5.21475 7.343271 -0.6615566 -1.1597822 1.6443971 -0.56668925 -1.2899609 -3.7034135 -4.212901 -0.02179721 -2.9836197 -1.3050238 0.9234833 1.7105451 2.8619006 -1.7857785 0.09452536 2.4677513 0.1271151 -0.91134727 
0.34206587 0.79710805 2.0705667 -1.2169509 -0.5626331 0.6298283 0.17214195 -0.34849593 -0.73592955 15.001616 3.6188285 0.30825654 0.16535932 2.3708832 -0.6763484 -0.9879797 2.3193324 -3.5113738 -3.2807298 0.42034915 -0.32409653 1.7686105 -0.6012463 3.2696323 -0.83269227 -6.5829263 5.868024 0.1035477 0.0460507 -3.1778471 -0.8410926 -1.4314004 -0.00982353 0.30533105 -0.14675984 0.073026724 -0.2018579 0.9153347 -0.24746785 -6.8158245 -0.90122867 0.3618837 
-0.44453514 4.3022747 -1.134849 -0.16506277 3.1371834 2.4516687 -1.1977472 -1.2276598 -2.5770154 3.630797 11.095531 -1.7495487 -0.72449076 1.0289559 1.5861349 -0.5392505 2.7261498 -1.2051449 1.4374949 -0.810128 0.7175247 -0.43829933 11.075275 -3.2967265 -1.3051422 -2.291135 3.477965 0.28487355 -0.2541791 -3.55747 -2.6205733 -2.5064414 -1.4667073 -3.413852 0.1449278 0.2706482 -5.102259 -0.55033803 -1.216934 -2.4750898 -6.082538 -1.4073856 
1.0173172 0.17804398 0.25970086 0.31657606 1.4376119 1.4673777 1.0336539 1.4157376 2.7967856 -0.7039833 0.56814694 -0.520345 4.8500633 4.344353 0.50042117 -0.7603211 -1.0896453 -0.2504693 -2.1993077 -1.6938697 -0.2591241 -0.9945673 1.22697 0.46976593 -0.7664343 -3.2844806 0.5811899 0.91804975 0.45805466 -1.1369292 -0.62371254 -0.5339592 0.84904635 0.27492282 0.39646715 0.10419592 1.0207833 -1.7428459 -0.3190074 -2.0228662 1.4067463 -0.12836061 
-0.36203805 -0.47567993 -0.38932613 -1.4821612 -0.41029197 -1.1395137 -0.15977436 0.37107193 4.5706377 8.932129 -1.4873288 -2.3585708 -0.28168303 0.7444862 0.4598421 -4.765964 -1.912397 2.951385 -0.0968892 1.0900198 -1.2282447 0.75714576 2.159063 3.756197 0.54999465 -11.776605 -1.297045 1.8635714 -0.58790064 0.023184078 -7.4991856 1.5536025 -3.5378025 0.35245016 3.4327576 -0.77748644 -7.1430902 8.694917 0.53497213 -0.9469576 -1.5537336 -1.7509693 
-0.7945494 -0.2343735 0.6900733 -5.3374305 0.46725082 -0.06597429 0.27015918 0.38476884 -0.7396546 -0.20325185 0.3334901 0.39366344 2.0894284 0.98894197 0.49997586 -1.8514323 1.3577511 0.88256454 0.3131454 -2.4997008 2.558021 6.433949 -2.8348317 -4.1388063 -0.8170601 -0.16277531 4.6268215 4.7464814 1.4800338 -0.6470877 -2.8184838 -1.4532908 -2.137489 -1.2945502 -1.7469785 -0.65646577 3.169434 -0.21731392 -1.176936 -1.2267331 1.3046671 -3.0383766 
-0.024414608 -1.0709556 -0.12871593 -1.3912483 -1.8469161 -0.9244199 -0.12538493 0.25139466 0.15067545 -0.6184278 0.87985337 -0.50453085 -6.80492 -0.76661426 -1.1251715 -0.039774094 2.5969768 1.1177436 -2.0859494 -0.93992734 -2.047529 -2.1173663 0.31998748 -0.03511231 -0.4939291 -3.4281454 -6.7180343 6.59567 -0.7942667 -0.6571146 0.0025735528 -0.9510865 -1.5984713 0.015647179 -0.7308799 0.7087098 10.132369 -2.4670298 -0.78508395 -0.37943977 -0.43133235 0.007017467 
-0.03917333 0.29431486 3.354107 -0.3085706 -1.2428294 -0.47090772 -0.18945614 -0.13614467 -0.4809169 -5.4327326 0.4924408 -0.5811423 0.18405318 0.8295291 -1.1820092 0.45863473 0.64617956 -2.1404777 19.499619 3.3909676 1.5237583 -2.4511044 -9.674308 -1.8139641 -1.2921381 -2.0822976 -1.0096953 -1.4576392 0.36356953 -0.19766775 -0.7274346 -2.6514301 0.38890135 3.364934 0.041651797 -2.7359037 0.34497425 -2.4285789 -1.4357255 -3.801393 -2.8488626 -0.37636685 
-0.038903195 0.17201665 -0.08425979 0.38076591 0.13286693 -0.07498872 0.15022904 -0.014028487 0.46759933 -1.3032247 -3.8102906 -0.5291111 -0.1071522 0.0050090346 -0.006633491 -0.61388594 -2.5655868 -2.124841 1.8879035 -1.0391575 -0.026185263 -0.1049423 -3.7021875 -3.0064359 -0.1473148 3.1556618 -2.0479848 -0.20302877 -0.35300243 -0.19829378 -2.198363 -0.042134106 -1.064171 -0.08078823 0.84494495 0.8667708 3.6050467 0.046095587 0.11755243 0.8843863 -0.43267176 1.0734974 
-0.09876897 2.1561208 0.49564427 -0.11761181 -3.8020883 3.6114028 -0.09303554 -0.6018537 0.5562474 -2.0499535 2.4378731 3.0369072 -5.064798 1.2788608 -1.0697204 -4.4714994 -1.2480483 2.7487097 2.2694595 1.5234183 0.86024487 2.0204167 1.7369846 -0.7481834 -1.0454004 -7.486527 9.250991 -0.84132564 -0.5486332 -1.8993022 1.1418527 -2.1272552 -1.5225564 -2.5447485 0.72154874 1.3580229 -2.4397619 -3.8363976 -0.77161056 0.11569849 -0.93804085 1.6919093 
0.24727355 1.2187482 0.053663447 4.3879437 -1.4508514 2.9811184 0.30272043 -0.6042806 1.1448922 0.80641514 -7.5611 -1.3239243 1.663235 1.7591902 -0.48520383 -0.45821527 3.0844889 -9.970031 1.7196363 0.15296215 -0.8557835 3.1985128 5.6682315 0.9599088 -1.1175215 2.286097 3.270286 5.594656 -1.0723226 4.224555 -1.0453471 -1.9183929 -1.2576319 0.45581996 -1.4965158 0.43403804 -0.38137883 -3.4641225 -1.1414496 -3.4926398 -0.28011948 -0.5940489 
3.3843324e-05 -0.18885924 -0.33895394 -0.13665174 -0.47124043 -0.087200165 0.05533924 -0.06692545 0.24540785 -0.7962948 -0.5621511 -0.3316549 0.2068303 -0.24153464 -0.11381395 -0.4564537 -0.8079567 1.9843419 -1.3575805 -0.1624335 -0.42861176 0.10249265 -0.15263121 -3.657946 0.20416918 0.12854587 -0.28379688 -0.02670727 0.29567522 -0.78668284 -2.1989233 1.0409507 3.028808 -0.7538743 -0.09252288 -0.47453943 -0.052764807 -2.8273125 0.03042318 -3.4635708 -0.4392337 -0.34891346 
0.9304664 0.69427943 0.2683444 1.7691529 0.5622216 0.7045032 0.5607325 -0.3380066 4.069274 -0.9584628 -0.22251512 0.9611329 0.33917806 0.5370186 0.6169031 -0.33119658 -0.71380514 -0.59240556 -0.18115625 -0.009096923 0.92458165 -0.012276445 -0.10978532 -1.5512782 -0.50332963 0.10700597 -0.20913963 -0.29947034 0.4444079 -0.53799355 -1.3099953 -0.5913646 -1.2001734 -0.15164894 0.7904249 -0.121156156 0.0663799 -0.42776272 -0.44793087 -0.3633105 -0.20006956 -0.47006217 
0.49455532 -2.1455436 -1.6634122 0.71673596 3.739387 0.7391904 0.55831087 0.18438478 3.2962844 -2.2792826 -3.1990936 -0.114594765 -1.7105378 0.24301079 -0.4260196 1.8012027 -0.45877287 -8.48488 -0.067924045 0.03198653 3.172336 1.6162668 1.7461748 3.575726 -1.0173873 0.3124567 -2.8519008 1.1490709 -1.3514208 2.4622006 -2.5382934 -1.9362063 0.20900655 2.1105363 0.82705534 2.230266 8.011112 -1.1664116 -1.323476 -4.192765 8.176469 1.858861 
-0.05608345 0.285464 -0.8165771 -2.388362 0.4217447 -0.4555673 -0.16251728 -0.053472593 -1.0650997 -1.586915 -0.8120436 -0.45464092 -1.0546902 0.06803603 -0.5972529 0.43163183 13.995686 -5.122272 -2.315982 3.6151109 0.98043436 -1.7086905 -0.111936614 -7.6218834 0.8173925 -2.059263 -8.981844 -3.9876184 -0.07687103 1.6528536 -3.9607284 1.7681754 0.9100122 0.3455093 0.6626643 0.6255798 -0.6495794 -5.2099276 1.2555041 5.114965 0.8514965 -1.6758373 
0.38671377 1.2337924 3.1432014 -0.12376256 0.6615807 1.942976 0.13377838 0.86909914 -1.0898374 -0.8278297 -2.6497772 -0.6329928 -1.6662011 -0.66751987 1.5857008 2.4927132 0.035949465 1.6073442 2.0359306 -0.8020439 -1.199308 0.9515258 4.1363645 0.13460995 0.682032 4.977774 1.4566265 1.7434613 1.4061096 0.58352757 7.7351913 1.735583 1.2863365 3.6374357 -2.5987027 -0.53372866 -13.42411 -4.100178 1.3155824 3.7589464 -5.7925687 0.44440007 
0.14777067 -0.34377366 -0.49797845 2.3452635 2.215206 0.07268571 -0.079803176 -0.0053520706 -2.697439 3.2221456 -0.18551932 0.18974717 3.4453633 1.1049497 -1.5515792 -0.61262035 -0.39480913 -0.7257616 -0.4108158 1.1119033 3.1554382 6.3757954 13.454973 -1.1525623 0.52598435 -4.837512 -1.3656335 0.7090567 1.5103632 3.9053428 -3.8618119 0.2799425 1.7485955 -0.5319291 -0.53248155 -0.10501088 4.774902 -3.3155699 -0.4634629 -4.2741966 0.63446814 1.3796561 
-0.08087307 -2.0723312 -0.61262304 -0.6608626 -1.4512296 0.93493676 -0.0018091444 -1.2129452 -5.335743 -1.1801454 -0.98675585 0.23706006 4.2352085 -1.4191222 -3.5308368 2.2819893 -2.4550729 3.6197257 0.3131088 -0.41171372 -6.377492 -2.8473268 -0.29553074 -16.741463 0.03778647 1.5507015 2.181644 1.2051713 0.17145196 1.2812859 3.1448317 -0.5576295 -11.008981 -0.9980655 -0.88464206 -0.7889959 -1.7231948 -6.1019273 -0.8506898 -0.5808169 16.827946 -0.032136057 
-0.080762446 -1.0606495 0.49969807 -1.9523162 -0.05944433 -1.6304594 -0.59504366 -0.27988207 -4.4570184 -1.3181899 0.8442947 1.128166 3.8120246 0.12545581 0.36907816 0.04524512 4.3886333 -2.4656143 -6.475707 3.2970645 -0.12234726 -1.8672217 3.3865855 -7.804134 -1.5569856 12.270256 -3.466646 -1.184196 0.105609655 -3.2146497 -6.1527586 -3.3473835 3.5592513 3.9290984 1.9606116 -0.390792 1.5328252 3.152931 -1.56703 -6.27376 -1.423692 -1.3878516 
-0.057339665 -0.5367441 1.6342063 -0.94936347 -0.57024556 -0.054829933 0.6414596 -0.201318 1.8812959 -0.028851619 3.686009 2.7743301 0.4040765 0.6169519 -0.13720256 0.6021413 -2.2728436 3.0061758 2.7883537 0.06732291 -5.5389714 1.1825722 4.4492455 1.0754868 -1.4396707 -8.556503 13.5062475 1.9299176 -2.1150582 -2.730591 -2.023614 -2.6125665 -2.4050703 1.5739685 -0.72133297 0.8731029 -1.7154502 -3.245692 -1.356941 -1.6162076 3.0319943 4.502887 
1.6442431 0.527509 0.3204969 3.3218248 0.9800142 0.93911785 1.5400041 -0.34863448 1.7760121 1.0487391 0.6102627 0.6486769 0.054320186 -0.21706298 0.40808246 -0.80108786 -0.010437115 -6.017758 0.11735356 1.4337198 2.0830095 0.29168215 -0.38375768 0.30302522 -0.5875183 -2.4068956 -0.9599199 0.25173113 -0.18150777 -0.94236314 -0.7143575 0.21163574 0.119680025 0.5990948 0.77900624 0.11499746 -1.079532 -1.0113603 0.12677284 1.8642163 -1.1672376 -1.2944579 
0.43460476 0.47675934 -0.15545815 0.48812187 -0.104533285 -1.4709238 -0.45181072 -0.492052 -0.281114 0.22065334 -0.07213142 -0.23162083 0.55419755 2.577564 0.1349706 -0.23648633 -1.2479143 -0.23540582 0.36075652 -1.1947448 -0.8287345 -1.2672615 0.27473482 -0.8722197 -1.329419 0.19383906 -0.40867275 -1.2279345 1.3082135 1.2563684 -0.24090572 -0.894853 -1.6706291 -1.4454131 0.1860095 
1.2033916 -0.6482456 0.12800111 -0.9133254 -0.41214427 -1.7049491 0.6567815 -0.50332385 1.2078189 -1.032602 -0.29827812 -0.5033573 -1.3943866 -1.9672886 -1.2340763 -1.1513792 -1.1413288 -1.3496591 -0.081915475 0.8506764 0.7676618 -1.3044937 -0.57706183 -0.6738895 1.1757481 0.5100805 -0.26327366 -0.342448 -1.1710805 -0.67105776 0.9852972 0.92211306 -0.6328586 1.6717334 -0.84246564 
0.94984317 -0.4308992 -0.0069914656 -0.91142666 -0.41928977 -1.2377474 1.3458565 0.15185098 -0.62784326 -0.62814033 0.4860899 -0.8525749 0.5517389 -2.588239 -1.9771892 0.80239236 0.62641406 -2.3112042 -0.496788 4.664541 2.1902554 -0.5781207 0.91409034 -1.9050688 2.6486878 0.6511529 -0.23082551 3.0279484 -1.5632079 -2.9961185 1.3469886 0.06349807 -0.78718024 1.4903911 -0.9703731 
2.6798234 -1.9062396 0.46417096 -3.1427424 -0.46199164 -0.3682787 0.6702962 -0.37711012 -0.5450697 -0.3380037 0.95974505 -1.1891704 -1.4322186 -1.8867952 -2.8942401 -1.6158433 -0.7711057 -1.6085858 0.31799844 1.7537378 2.438715 -2.0047328 -1.8273402 -0.8256676 0.70505494 1.0646693 -0.50537 0.23910809 -2.661823 -2.0113127 2.190941 1.6875249 -1.1461687 -0.009071823 -0.99320996 
0.26072508 -1.161487 -0.29187074 -0.5638442 -0.5231806 -0.87580043 0.49500853 -0.3354388 1.0283687 -0.8989313 -0.4652528 -1.0607224 -1.1554551 -1.065068 -0.37906578 -1.4808178 -0.91829014 -0.86541456 0.76197046 0.48920152 -0.14588307 -1.2814469 -0.673661 -0.5309174 0.49301302 -0.17039362 -0.41995546 -0.608745 -0.9329844 -0.30417454 0.17684479 0.4314018 -0.8557693 1.135221 -0.7449393 
1.4122609 -1.6641628 0.36509085 -2.083328 -0.1982852 -1.138921 1.4642406 -0.1978721 -0.6844506 -0.5395002 0.38328773 -0.64020115 -0.89562905 -1.781963 -2.521004 -0.6340511 -0.85177857 -2.6950037 0.6780396 0.80411386 2.567985 -1.7178302 -0.73010325 -1.397051 1.1133693 0.98275363 -1.0186517 1.0558308 -2.5298707 -2.721026 2.3493884 0.5093356 -0.97620046 1.248341 -1.5865426 
0.44914582 -3.4828112 0.12577114 -0.07098685 -0.5068762 0.5233995 -0.038152363 -0.32691664 0.42073077 -1.2780256 -0.81432575 -1.420884 -2.0547063 -2.3886778 0.070236556 -1.5088513 -0.47278532 -0.34720325 2.3896449 0.923175 -0.5119297 -1.3674423 1.2975639 -0.14561312 0.22884806 0.18947352 -0.06338294 0.98841864 -0.661063 -0.9786659 0.2131571 1.0459375 -1.0824001 1.0961374 -0.95184493 
1.2010856 -2.0331378 0.52322304 -2.2876132 -0.41176653 -0.8400838 0.3168423 -0.26377457 -0.49678558 -0.560791 0.021840163 -1.9613354 0.8426794 -2.0083017 -2.3716435 -0.60186976 -0.338721 -1.9621274 1.2829736 2.3138595 1.5193707 -2.0294437 -1.0180864 -0.33710402 0.1362133 0.98518753 -0.094497584 0.4121334 -1.0201554 -3.2194588 2.1034796 0.21160631 -0.83307624 0.422291 -1.2737435 
1.4789253 -0.25073367 0.17112221 -1.9082149 -0.2122887 -0.8388483 2.0975306 -0.21921168 -1.4235224 -0.592797 1.0850875 0.40795946 -1.8653619 -1.047286 -2.161725 -2.59461 -1.4017677 -2.4323888 -0.2777335 0.8250581 2.2351115 -1.8590872 -1.5279437 -2.0783856 1.8341784 0.45244044 -1.662687 -0.20442787 -3.2931995 -0.7049575 1.6730434 -0.2150339 -1.578633 0.5622032 -2.1216512 
0.94947207 -2.0427737 -0.06699399 -0.85126203 -0.5380207 -1.1370442 0.377873 -0.4219801 0.5621255 -0.7966853 -0.28639656 -1.0337058 -1.3592099 -2.0930834 -0.7385885 -1.3252308 -0.78228486 -0.7008251 1.3064436 1.0417266 0.006143899 -1.1689057 -0.1486523 -0.09071749 0.5143903 0.1856029 -0.41087863 0.4112904 -0.8917163 -0.9988708 0.42721105 1.5553783 -0.87444806 1.0545503 -0.6737707 
1.9083251 -1.7031323 0.53531057 -1.4034739 -0.551356 -1.9827636 1.8439758 -0.34218845 -0.7096597 -0.5647793 -0.04873922 -0.26662338 -1.4417405 -3.5280979 -2.2073064 -0.7949779 -0.4722803 -0.19235714 1.2750798 2.854116 -0.4403224 -1.5216709 -0.052774973 -0.7807373 0.99036646 1.3556772 -0.5334782 1.4850762 -0.8264238 -1.6386584 0.84770775 1.6119682 -0.40609473 2.2627265 -1.5846878 
-0.08086065 -1.271576 -0.07178401 -0.28229403 0.036930986 -0.17235187 -0.22376317 -0.17613819 0.09037855 -0.4076972 -0.16503428 -0.7885583 -0.25016907 -0.6023964 -0.4570256 -0.59512836 -0.23680674 -0.17677699 0.24785995 0.031345055 -0.17152391 -0.17089507 0.07207006 -0.20478378 -0.09989476 -0.10641979 -0.34695742 0.018602654 -0.38968623 -0.98520553 -0.24574457 0.066834025 -0.5127066 -0.33507967 -0.19476785 
-3.1973076 2.722586 -0.44943774 0.6314424 -2.4099274 3.5903907 -4.7630606 -2.0285249 -1.948354 -1.7572366 -4.123634 2.553798 -0.9676504 4.1544814 3.7648025 4.906875 7.0018287 -2.0170162 -6.0152683 0.42734557 -0.66697204 8.728028 -4.974454 2.819064 -0.6336377 -0.8629029 -3.4103796 -1.6543014 5.073983 0.27053517 -5.5851574 -8.49909 7.3768134 -2.8416638 -3.9928918 
0.25654888 -1.4136894 0.085765645 -0.86467487 -0.313428 -0.35003787 0.09503748 -0.12401303 -0.08114358 -0.25700903 -0.24093609 -0.7803808 -0.31361237 -0.8915162 -0.49948016 -0.72923225 -0.23324114 -0.35621703 0.16860873 0.38124153 -0.12685755 -0.60333467 -0.32739285 -0.066076405 -0.00045801318 -0.040192477 -0.28156614 -0.030726701 -0.26110354 -0.97451156 -0.08218841 0.12655707 -0.56532747 0.022218708 -0.37471932 
2.8125772 -0.9764487 1.0378127 -3.241856 -0.38319698 -4.3416553 0.25013337 -0.37874532 -2.7594535 -0.4526292 1.3635234 -1.6767013 -4.7753024 -4.186926 -4.181971 -1.3187507 -1.9350291 -0.65910923 0.8305036 1.3500668 0.32570943 -2.23758 -2.391098 -1.5840849 -0.36357284 1.3832898 -0.019175543 0.14000654 -0.761162 0.4552462 0.041632526 6.4432497 1.7525111 0.34765643 -0.59592396 
0.20229684 -1.5781449 -0.24796358 -0.41930652 -0.55016464 -1.1650876 0.44447213 -0.20049404 0.49163976 -0.8243835 -0.6244996 -0.58195966 -1.695651 -1.6795458 -0.3564322 -1.5592519 -0.81192297 -0.83863807 1.5782018 0.7093496 -0.12917608 -1.6518435 -0.8365221 -0.772068 1.17083 -0.036408626 -0.24384157 -0.2945054 -0.6293356 -0.5225714 0.55145895 0.84724987 -0.7803601 1.3927374 -0.951701 
-0.022194602 -1.1705886 -0.12166408 -0.08223413 -0.05723335 0.024698956 -0.117838584 0.22028549 -0.09889688 -0.11089648 -0.2325196 -0.4714483 -0.34561667 -0.28927144 -0.45479462 -0.3977074 -0.280486 -0.2184638 -0.13121134 -0.12173022 -0.23473649 0.14164506 0.13400282 -0.15823312 -0.20262544 -0.22381927 -0.05665932 -0.22430934 -0.32500464 -0.8748124 -0.41937256 -0.30588076 -0.201324 -0.479206 -0.28756404 
2.9939606 -0.9107344 0.5915734 -2.5792809 -0.46556604 -2.8313363 2.8970468 -0.24733225 -0.9687625 -0.35248262 0.11859066 -0.06847687 -1.410759 -3.7704365 -3.4834433 -1.279847 -0.95171887 -0.8691332 1.1902481 2.9261625 0.15514109 -2.656879 -1.0763818 -0.92416686 1.2681344 1.1706859 -1.187553 0.7561259 -1.4485 -2.14874 1.6441884 1.0683557 -0.81705713 1.0596639 -2.1607113 
2.8031266 -1.1516825 0.5608069 -1.7576482 -0.38243437 -2.8126807 0.25380662 -0.25901833 -1.1135732 -0.7077452 -0.09551376 -0.57747734 -3.0830889 -2.793583 -2.2741864 -1.6908063 -1.1537446 -0.5955138 0.8000246 1.4044687 0.8543863 -2.0574698 -1.2590793 -0.24635875 -0.15185334 0.5387511 -0.061939877 0.027828958 -0.6039221 -0.7116871 1.3512198 3.9265819 -0.1411813 1.4637953 -0.53185326 
1.3972244 0.28426406 0.06235176 -1.3015662 -0.43473852 -2.2051945 1.4407613 -0.4113104 -0.085015 -0.7909594 0.3357672 -0.17312838 -0.71963286 -1.107799 -1.8734148 -1.9712769 -2.183378 -3.3595166 -1.1830925 0.14871262 1.8388418 -1.0348772 -1.0274597 -2.0783322 1.8849683 0.21897404 -1.2529383 -0.9486223 -2.3930786 -1.566018 2.0131686 -0.8983451 -0.82186365 1.8472645 -1.251004 
-0.35486975 1.2038821 -0.28407004 -0.32970616 1.4641057 -0.45267472 -0.027962375 2.710981 0.22722122 0.4789068 1.2422436 -1.0409814 -0.32016712 1.2077382 -0.74123013 -0.9062257 -0.4074789 -0.68116164 -0.28550258 -0.17991087 -0.07986454 -0.3253082 -0.52372223 -0.11603612 -0.26482704 -0.7230336 -0.23388153 -0.67613286 -1.8929013 -0.8036808 -0.97551394 -0.5146348 -0.5826792 -0.5146754 -0.79368824 
2.6916282 -1.5746568 1.029949 0.5267845 0.90810376 -1.209712 3.7194629 3.9486444 -0.9615313 0.39034954 1.3788509 1.8278327 2.0537808 -5.7670965 3.1107862 -0.50782263 -0.46222603 2.2816217 3.780288 2.5069947 1.3162049 -2.5192945 -2.966105 -2.6873949 3.6425233 2.5758576 2.2971814 0.32330397 -0.38904607 -0.9458027 0.73567915 2.1330981 -1.9885819 0.18878402 1.9492664 
1.3449066 0.81434095 0.31390056 -0.9132549 -0.23165187 -2.6641903 3.766474 -0.18981701 -1.5311027 -0.4405618 -0.3715821 0.11235253 -0.19734822 -1.6547537 -2.2767367 -1.7123175 -1.5586085 -3.1319737 -0.21831116 0.96957445 -0.3524893 -2.5166147 -0.76183903 -1.8186064 2.6492438 0.654347 -2.534583 1.4438949 -2.0571382 -2.6815672 1.6180081 -1.2891994 -1.5743237 1.3407977 -2.57621 
-0.15179975 -0.3244964 0.43389422 -0.4333321 -0.010018559 0.25582907 0.76522917 -0.7360253 0.2715454 0.22683084 -0.6803927 -2.9664085 -0.39721748 0.33764192 -0.53336227 -0.8591164 1.2196686 -0.26225397 -0.41122743 -2.415229 -2.961953 -0.70673263 
0.22581103 -1.2846584 -3.7067459 0.20600776 -1.8977795 -0.781656 -3.3903675 -2.8251905 -0.7768698 -2.1108088 -0.31211698 3.5743263 -0.8975254 -5.2038007 -0.40920755 -0.1381453 -3.4693532 -2.1715457 -0.07944038 -0.54286486 0.86545944 -3.0933108 
-0.84107876 -1.363396 -0.88799417 -0.83169097 -1.014262 -0.95223194 -0.8592169 -0.9113051 -0.7158205 -1.0791936 -0.4155073 2.8587708 -0.59107095 -1.2795203 -0.7786475 -0.24044777 -0.88519496 -0.8557327 -1.0899823 -1.1675527 -1.141735 -0.86227167 
-1.0480771 -1.5887142 -1.0000772 -0.6272605 -0.8754862 -1.2688246 -1.0171818 -0.7546847 -1.0410551 -0.9864467 -0.42556378 3.5881474 -0.40520674 -1.0285969 -1.0087738 -0.26676056 -0.8207946 -1.0932262 -1.4747468 -1.3630644 -1.3474082 -0.9330787 
-1.0419967 -1.4842671 -1.024377 -0.88499916 -1.2107391 -1.1490798 -0.76445246 -0.673969 -1.0829397 -1.0996172 -0.34541875 3.6713023 -0.41272068 -1.110109 -0.9000391 -0.57598627 -0.9643132 -0.7606606 -1.5967015 -1.2372738 -1.3895141 -0.6018468 
-0.8459071 -1.5176996 -0.7673476 -0.83798814 -1.2355379 -1.0936847 -0.9803165 -0.9193418 -0.9976274 -0.87656194 -0.37177974 3.4687033 -0.30015418 -1.0690783 -0.7614038 -0.44311875 -1.0487918 -0.89290565 -1.2195146 -1.2024237 -1.2909616 -0.9766992 
-0.7424903 -1.4131355 -0.8282411 -0.6819263 -0.98147166 -1.0982919 -0.7556774 -0.9918329 -0.8352152 -1.1312064 -0.2640272 3.046467 -0.24255137 -1.0357281 -1.00216 -0.31963772 -1.150758 -1.0591651 -1.2908639 -1.2883139 -1.1819026 -0.70003605 
-1.022661 -1.6112932 -0.8968312 -0.69843334 -0.9690177 -1.0526985 -0.88982916 -0.79275846 -0.93852687 -1.1115975 -0.6625352 3.5599298 -0.6439788 -1.2051847 -0.7340953 -0.45094976 -0.85755664 -0.77248216 -1.4983898 -1.253164 -1.3759313 -0.61333567 
-0.71011436 -1.5788561 -1.0369747 -1.046619 -1.0128853 -0.98766464 -0.61413777 -0.7128278 -1.0212976 -0.7950262 -0.43242657 3.0470476 -0.32786387 -1.2262403 -0.7607 -0.21475802 -1.0340927 -1.1036069 -1.3894825 -1.2968957 -1.1800432 -0.6670988 
-1.1262317 -1.6511937 -0.9161095 -0.73935825 -0.9440492 -1.2991319 -0.90477586 -0.9143635 -0.6842768 -1.0456222 -0.429348 3.6589336 -0.4238996 -0.9277853 -0.7960569 -0.33905607 -1.132551 -0.9668719 -1.3099402 -1.2126143 -1.3314879 -0.77468467 
-0.92241293 -1.3719988 -0.8086668 -0.8431446 -1.0454451 -1.2206695 -0.76951355 -0.914661 -0.6550992 -0.9680612 -0.26927194 3.1739786 -0.3760878 -1.2686833 -0.9140079 -0.19490752 -1.1370246 -0.9339081 -1.3045369 -1.2192068 -1.1819903 -0.98041195 
5.545026 -2.1390717 -2.0437799 -2.0465965 -2.1386945 -2.102632 -2.0499933 -2.070919 -2.1136982 -2.1281583 
-4.5764203 -0.7237731 -1.1523799 -1.1692528 -0.9558827 -0.8649423 -1.2039765 -1.2304592 -1.5025625 -1.2267517 
5.699492 2.521639 2.6897204 2.6986938 2.7143178 2.5607398 2.5564988 2.1914272 2.3236806 2.240003 
-1.7491126 -1.469166 -1.0242765 -1.3861892 -1.4307272 -1.2593479 -1.214849 -1.0728261 -0.96764 -1.3931857 
7.303681 -2.2014344 -5.0177054 
