42 35 22 10 3
1
-0.08292682 -0.35303116 -0.8196376 -1.3329624 -0.24577017 0.5356454 0.0067854 0.14315356 0.4412237 -1.0013692 -0.92941934 -0.029731017 -0.16625509 0.37818763 -0.367302 -0.40193996 -0.6355312 -0.91967404 -0.877296 -0.45697498 -1.5513504 -0.24433297 1.3764236 -2.9136899 -0.45749676 -0.67567664 -6.6936736 3.9947188 -0.27250066 -0.96396774 -1.8304487 -0.97005284 -1.8383931 4.9405622 -0.15497024 -0.33562413 0.054601546 -1.9134945 -0.3513262 -1.9978436 -1.586362 -1.6713511 
0.05990946 0.7956751 -0.31746712 -0.2868821 0.030609278 -0.3989195 0.2457952 0.17174879 -0.08978451 -0.74253875 1.3743672 0.3736531 -0.8905934 -0.04576973 0.2501174 2.461374 -2.8325768 0.8643786 0.5850903 -1.2620331 1.677039 0.36129183 1.2310535 -7.346604 -0.09637591 2.7029045 8.059724 -0.38733226 0.47444868 -0.77055043 -0.31652448 0.005193072 -1.614094 -1.5361592 1.028375 0.32499793 -0.12707628 -0.17684738 0.0046337144 2.0311925 1.3127371 -0.03263632 
-0.6610102 -0.91731626 0.42863724 0.31660414 0.024169851 -2.3847551 0.71033424 -0.4317079 -0.6024667 0.21659958 1.2769579 -5.3853655 2.850074 -0.33165354 -0.10921502 -1.2475538 -3.4521348 -0.98915255 1.1274711 1.2264674 0.89527136 -0.98831713 -6.759388 8.572674 -1.2356666 8.374629 -0.53675824 -1.1831558 -0.6684079 -1.5507374 -0.5564384 -2.433987 -1.5261176 1.5682958 3.1072612 -1.4187789 -5.9389386 -0.24613512 -1.3362123 -4.665352 2.6951966 0.41994524 
0.047975313 0.32890707 -1.3336246 -0.62108713 -0.08926577 -0.89509696 -3.8622653 -1.2558075 -0.37663522 0.90504295 -0.5584901 -1.6802437 -0.86978716 -2.9749546 -0.1516582 -0.62551874 2.0305216 -1.6159705 1.422012 0.7156118 -2.4247303 -0.030519618 -0.064533345 -11.138743 -0.45086965 5.1997423 0.6961565 -10.591233 1.1685656 -0.73086256 -0.5156768 -1.0429882 -1.4127452 1.3805945 -0.00071449386 1.076193 1.0234708 -4.8159227 -0.53445584 2.627635 1.5495285 -0.46146277 
0.10482304 0.16257663 -0.12537605 0.0815793 -0.1282745 0.0443403 -0.098459646 0.08064057 -0.078570105 -0.19749722 -0.23126 0.056865733 -0.011278886 0.114426084 0.11706711 -0.08440247 -0.057302706 -0.089741215 -0.21715677 0.05141849 -0.2025967 0.047691524 -0.2801653 0.104657024 -0.13897824 0.031045219 -0.20118776 0.17507724 0.06987783 0.038835388 0.022870341 -0.29587355 -0.26876137 -0.017075468 -0.037111003 -0.1466837 -0.11248301 -0.37127256 0.0026225317 -0.52978414 -0.0369914 -0.06323509 
-0.13365899 0.9586927 1.5390834 -0.90221685 -0.324353 -0.27757186 -0.43299243 -0.054742187 -0.08470896 -0.6976153 1.0154411 -1.3798214 0.18582135 -0.234321 -0.07227973 -0.06437305 1.3387647 0.16448212 -5.755856 1.6394378 0.05433958 -0.7102436 -1.0820988 1.9767511 0.0760898 -7.673919 1.1369053 0.2978141 0.19606993 0.13475198 -1.5598147 0.03009897 -17.878813 2.527995 0.45804447 0.11148905 -0.9959349 1.6140928 -0.055997577 1.4504036 1.8509676 0.5524571 
0.052473966 0.17217395 -0.5469676 -1.1175753 -0.22443244 -0.4003832 0.10345229 0.13485438 -0.051453833 -0.46430424 -0.54827374 -1.1148164 -0.7562184 -0.0059791366 0.0034240817 -0.47696218 1.0551047 -1.6029463 -0.27762565 -1.1154232 -0.2691536 0.14177404 0.07022404 0.08708208 0.005191591 -0.23076087 0.008111415 -0.2032161 -0.07014839 -1.0112725 0.062702894 0.04555408 0.020682348 0.25418168 0.1779904 -0.8723627 0.15688787 0.17339304 -0.09568785 0.3486739 -0.4542871 0.260027 
0.012319981 -0.13123167 -0.38638154 -0.94631743 -0.17969468 0.08523146 -1.1498884 0.38781616 -0.029278442 -1.1116902 0.21981902 0.108076215 -0.13437279 -1.2384112 -0.36174828 -0.502601 -0.9947356 2.6146827 -1.088359 1.1963146 -1.8276935 -0.23017445 1.0359832 -2.404439 0.31021246 -1.2576206 -3.2176945 7.636792 0.5589857 -0.7390116 -0.14833403 0.54898834 -0.82630515 -0.83909 -1.4288332 0.886011 1.2161382 -2.8473024 0.27685028 -1.9979986 -3.0155544 -2.9535885 
-0.12239966 0.13822262 0.09027947 0.013679354 -0.009148661 -0.07436327 -0.07550714 0.054002166 -0.09965756 -0.0952464 -0.17858317 0.058534343 -0.01176797 0.011292475 0.12930742 0.06055374 0.01729867 -0.40380764 -0.08783746 -0.27463257 0.0928676 0.019032013 0.037218377 -0.37209913 -0.0060367137 0.15497008 -0.11093064 -0.16452314 0.013964878 -0.2842813 0.0002235586 -0.2400651 -0.29724178 -0.032363147 0.13266258 -0.083304524 -0.09741811 -0.32541314 -0.05556359 -0.07171694 0.09170808 -0.1565798 
2.8600779 0.295447 2.4308736 -0.21161978 0.43459243 0.5985759 -0.3174161 1.3451769 -0.95234287 0.09686289 4.6224074 -0.90617603 -2.8805363 -1.2586094 2.5252151 -0.90205187 0.0657975 -1.3118947 4.4651327 -5.29028 1.2366091 0.38908175 1.0573328 -2.8899958 -0.19902848 -2.75702 -1.0176986 -0.21173497 3.9021516 -5.5800376 2.423606 -0.7487647 -0.10261811 -2.126544 3.2584527 -0.7859454 -3.1964576 0.055757336 -0.34039333 0.87348336 -9.267386 -0.0115547255 
0.44592044 0.11467618 -0.4171423 -1.4048933 0.10997124 0.37713987 0.17615229 0.12660071 -0.2724115 -0.036758438 -0.9175622 0.73202413 -0.16145281 0.06680062 0.30551076 -0.3029528 0.4895849 -1.3597653 0.45702958 -0.7364926 -0.06835701 0.19538347 0.081925035 -0.95039105 -0.12715113 0.17816354 -0.4558331 0.30435652 0.23088592 -1.2310959 -0.36331698 0.07861486 -0.08337883 -0.33682135 0.45972824 -0.33547685 -0.08160747 -0.095758796 -0.076510884 0.075619 -0.19256328 0.042293493 
-0.1324481 -1.0284137 -0.6956326 3.1052234 -2.2855449 -1.7595361 -0.011583159 1.3840324 3.1403666 1.1547258 0.3749496 -4.751067 0.002653699 2.3103495 2.8582022 -0.5877315 1.316827 -1.8544842 -2.4357142 3.0294716 3.3611295 3.9408457 -6.9717784 2.4270973 -1.2551806 -5.5837173 3.327644 -0.74005085 2.4791932 -0.68588734 0.57853043 -2.710238 -0.9336298 2.1335897 7.609967 -2.0126367 2.1990588 -1.4760792 -1.3186071 -3.0697863 3.0598755 2.0429163 
-0.8133218 -1.1882845 -0.0036889557 0.5875666 1.4303325 0.4512192 -0.51213557 0.13963497 0.4585393 -0.29347855 1.7741392 -1.0326225 -1.5039146 1.3823384 -0.28989884 -2.6711035 2.5467749 -4.050925 -2.2608874 2.8538172 -0.18473262 0.8671623 -5.4075146 3.0833821 -1.0213754 -5.6049423 0.86010677 1.9456422 -0.9664576 0.31727627 -0.54135203 -2.3326402 -0.96656305 -0.7877692 4.9296975 -1.5096793 -0.044857323 -1.8813899 -1.2498616 -1.6733867 4.28634 0.032647874 
-0.815772 -1.4351084 -2.695288 1.9934255 -1.8559703 0.854878 -0.48015505 0.4133211 2.3621953 -4.7285485 1.6802175 -2.8779829 3.388488 1.5707575 2.5439844 -2.148377 -5.2303033 -3.3899205 -0.3912562 3.2295995 0.46369278 4.3933372 -4.265287 1.0144062 -1.2058722 7.148448 2.0312705 1.4375396 4.3925385 0.89879733 -3.630847 -2.3192365 -1.2053483 3.2661324 3.0353668 4.446776 2.3113244 -3.0381567 -1.0573245 0.5706459 4.701894 -0.83856577 
0.08847888 -0.19741976 -0.37617317 0.25819448 0.1946884 -1.020471 0.27291888 -0.3766387 0.5717826 1.6537364 -1.8206075 2.4050198 0.4729974 -0.6298373 1.5131474 -0.15880531 -3.4396706 -0.9457193 -0.97926605 0.39250606 -1.0094799 0.11609503 -4.9551187 3.3746936 0.89396673 5.471555 -5.241936 0.67829347 -1.1201304 0.40757722 2.7675622 1.8532405 -2.875212 -5.679206 -3.3036566 -1.3366365 -1.4603392 -0.21045358 0.9242768 -1.572167 -3.7852929 -1.6046396 
-0.31652674 0.13558014 0.2295241 0.5332749 -1.2626712 -0.7515359 -0.53439695 -0.8443591 -3.1891499 0.10287405 1.4330051 0.7827426 1.7530729 1.5566783 -0.5005886 -3.5596828 -2.3200877 -0.7598671 4.811088 1.3984433 -2.520557 -2.827494 4.4680624 3.318148 -0.6387895 -4.3843827 0.5409185 -2.7893488 -0.8099898 0.7670155 -1.8606455 -0.9954299 -2.4045475 0.107111976 -7.1433473 -0.8986736 -0.3615296 -0.28177768 -0.37686232 -0.8201002 2.3686922 1.5268351 
-0.24665913 0.5126871 -0.31606954 0.8160043 -0.30993816 -0.13781145 0.32446223 0.1012645 -0.17293082 -0.106785856 0.20480771 -0.042874098 0.5413219 0.865024 -0.2614832 1.6030401 -0.33394754 -0.0558888 -0.77308005 1.1019131 -0.83102685 -0.45443976 0.17277047 -0.42476943 -0.3342052 0.94249135 1.1833944 0.67279696 -1.0136678 0.6492974 -0.51439744 -0.7361663 -0.08444716 -0.71209496 -0.99161845 0.16575603 -0.12276657 -0.7968171 -0.37946 -1.913052 -0.285335 -0.7194008 
1.7559294 0.029654449 0.18366076 -0.4565187 0.5012535 2.463265 1.9317029 -0.28119898 -1.7424837 2.2092702 0.35466647 5.9506826 -0.80036545 -1.3811815 -0.17813855 -1.5319353 1.4432042 -0.023983967 4.4974074 -0.70849466 -0.8663597 -0.867137 0.35037535 -4.8910413 -1.0333812 -1.4231921 0.7507282 -3.0974567 0.61682427 -5.865695 1.2191148 -1.7412444 -1.7762578 -2.8846078 -3.1862679 0.26570562 -1.2450749 -1.643223 -0.80941 0.39661178 -0.5232141 0.08609598 
-1.952295 -1.4346476 0.4931215 1.2361777 0.41531128 -1.4470153 -0.4711493 -0.43882307 -0.37403837 -0.49505708 0.8934342 -0.7414375 1.8418994 0.21348895 -0.49548593 -0.6188016 -3.84344 -5.0686584 -5.455569 -2.6831167 -3.2584906 0.95758724 -0.31553796 8.84894 -1.3798366 15.306397 3.289338 0.52646255 0.34751558 -0.9445063 2.3789606 -2.8321557 -3.026957 -4.613355 -1.6556668 0.7003755 2.4670525 -3.0319963 -1.3555257 -2.829636 1.4244394 0.67457265 
-0.43247566 -0.5237408 0.23708871 0.28390786 0.7311818 -0.21527426 1.6871709 -0.27726075 0.70904195 -0.86100864 -0.9376872 0.76241136 0.09390828 1.1993295 -0.21593727 -0.3197645 -0.4195435 -1.9323877 -1.4404275 0.043472935 -0.44828013 0.33190554 0.60149753 -1.0293865 -0.41863778 2.9965436 -7.236353 6.0194616 0.08172358 -0.4501751 -0.7777754 -0.7421788 -1.885396 3.1808357 -0.791955 -0.17587167 0.69868135 -2.2017875 -0.35235262 -2.1422284 -1.2260711 -1.5989377 
0.72009045 1.2021332 0.3736132 -2.9087164 -0.5290015 0.5581785 0.8994956 -0.15425909 -1.3196654 0.86971533 0.15877698 2.1917455 0.03350087 -0.21387927 -0.52864546 0.75754905 -0.50266945 1.3867718 2.2593281 -1.05067 -2.210356 -1.1753148 3.556025 -4.62244 0.53387016 1.4297144 0.053893648 6.8020597 -1.1031673 1.2240256 -1.4128863 0.8430704 1.3287601 2.9006593 -0.1677861 1.6673723 -1.6805651 -0.23197806 0.3015175 1.3555324 1.3462713 1.1472887 
-0.22163486 0.10363712 -0.09072735 0.5042741 0.31311914 -0.76471585 -0.16924126 0.38860738 -0.5724467 0.24302657 3.2994714 -1.0908538 -1.4461173 0.17197724 -0.5058175 -1.0043093 -1.438238 -4.097608 4.770594 -4.17717 0.66751236 -0.47147143 1.9452566 -1.7657342 -0.09989201 -8.630345 -0.5948493 0.12915371 -0.87145114 -2.4076014 -1.5372981 -0.544996 0.9706291 -5.0632896 6.3704066 -0.52515686 -2.1813104 2.3094022 -0.15982728 2.6658325 -12.313714 1.7215278 
0.12990475 -0.04534955 -0.22749159 0.011220029 0.100023046 0.03298694 -0.1024332 0.065250605 -0.06250958 -0.057183452 -0.20207655 0.32797927 -0.015801363 0.011639119 -0.061752535 -0.13050039 -0.33252332 -0.38568595 0.12654099 -0.0034455752 -0.080512986 0.005959447 0.17916362 -0.57293266 -0.07169807 -0.041437916 -0.013176956 0.04264715 -0.04020216 -0.011742365 -0.11874024 -0.11422054 -0.13595052 -0.122029014 0.18475474 0.1039572 -0.15817712 -0.32358813 -0.12859108 0.104384266 -0.17182276 -0.07136206 
-0.1933653 -0.37663347 -0.9696115 -1.1081336 -2.5511658 -1.3828448 -0.59569687 -0.6658857 -3.5375495 -0.030470314 1.5108818 1.7901584 -0.4237825 0.99507564 -1.0261462 -5.0556865 -0.7696964 -3.8418827 4.89554 -0.95334333 0.03640557 -2.2067287 6.0470095 2.5155432 -0.6931261 -5.339225 1.85343 -0.12891026 -2.5852609 0.75705886 -1.9563423 -1.5503937 0.8360545 1.6939735 -4.5818663 -1.656469 -0.6803712 0.38397753 -0.8018199 0.53613836 -1.3605579 1.8452773 
-0.62526435 -0.32304752 -1.9476 1.7251369 0.5521197 -0.59901774 -0.3395583 -0.41089672 -0.16521561 0.89897716 -2.5758195 0.70387053 -0.6346123 0.2175858 -0.34488422 -1.2558173 2.3211424 1.9099606 -1.5723366 -2.2145622 -1.9940403 -0.16483802 -1.7785959 -7.425312 1.2432086 -0.17843367 -17.477846 1.5645821 0.3031138 -4.4641757 -0.7489175 2.908391 -0.54435563 5.652137 -0.1183145 -0.46673238 -0.21272062 0.69897056 1.4017289 -3.9157717 -2.9744823 -2.862684 
0.07742184 -0.08852789 -0.114412226 1.0319616 0.07003183 -0.10309233 0.013148088 0.15825978 -0.31034172 0.8648816 0.6913139 0.8194665 0.047585435 -0.5681283 0.6095311 0.41621122 0.99239314 -1.0280825 -0.05510279 -0.18989222 -0.9183782 0.24928483 0.11192553 -0.6967898 -0.00039347442 0.41421735 -0.14911161 -2.223058 0.05770948 -1.790644 0.70016366 0.15547459 -0.55767554 2.2380292 -2.7875144 -0.35025266 -0.9779322 0.32491362 0.1876819 0.435622 -0.714403 0.24035494 
0.11050111 -0.6054646 0.96120924 -0.8803859 0.39137536 -0.33222482 -0.45021418 -0.30025038 -0.5695081 0.49577102 0.18496075 0.33576903 -0.533056 -0.19719894 0.5370959 -0.8902428 -1.7738867 -2.1222034 -0.38227206 -1.5077739 0.045116086 0.2608636 -4.392886 2.811954 -0.802113 5.0113688 -7.1318374 -0.11678965 -0.36224756 -3.3901126 -2.1908178 -1.8363338 -0.95486754 1.8635023 -0.19634497 0.1559535 0.8463696 -1.873192 -0.9063195 -2.0461118 7.844955 0.08971011 
1.1308928 0.5572097 -0.010417075 1.2999839 -0.86139333 2.0415664 -0.062578574 1.05746 -0.8149844 -0.9584154 -3.8966122 0.9146602 0.43547857 0.7078526 1.9044627 -0.52489585 2.570423 -1.7496926 0.04455831 -2.5941393 -3.5340385 0.025906716 11.028546 -4.00951 0.24078304 12.376885 -0.77366 1.5323595 0.1687386 3.2649868 -0.76065063 0.1962458 0.18976867 -5.6827745 -2.3435915 2.2816753 5.3895907 -0.34917322 0.051539693 1.7491378 -1.4984733 -0.31727836 
-0.26674512 -0.110557586 1.6795789 0.8738379 -0.23202677 0.7028092 0.25732452 0.5258224 2.9522173 0.203303 -0.62311727 -0.26700336 0.8404178 0.5727099 1.376281 -1.1308227 1.0110816 -4.7059255 0.26178524 -0.6745852 -1.391343 2.3291388 -0.703832 1.6082346 -1.2797002 1.2174379 -2.608036 0.6088806 1.9172112 2.0649014 0.5841863 -2.8103535 -2.4732332 -0.28252873 0.55228674 2.7322328 3.027063 -1.9445261 -1.3423972 -1.6162628 -0.41600606 1.1839929 
-0.22067554 -1.6343738 -0.39936718 0.57484764 -4.397217 -5.8531356 0.10253346 -0.2800551 0.14380646 -3.2600074 0.050716855 1.2398982 -0.6627172 -0.403541 -1.8505632 -2.278913 -1.1908058 1.0418115 -3.5906467 0.15568775 0.3989556 0.7393467 -3.2283072 6.465355 -2.2166805 5.8157125 13.229401 -0.7172388 1.1090721 -1.9246436 1.075833 -4.482455 -6.2443113 -0.1661447 -1.8831375 -0.503954 5.847301 -1.398155 -2.1883268 -2.9817502 -4.529176 -1.6037121 
0.11211459 0.08400962 0.001238529 -0.009431943 -0.014369352 0.09980547 -0.12892543 -0.03967192 -0.10568023 -0.059440643 -0.06097201 -0.014188692 -0.021762129 -0.086000875 -0.04319765 0.20726857 0.14251569 -0.20648204 -0.2980249 0.041984413 -0.14124882 0.05309002 -0.19355634 -0.16690117 -0.20299289 0.17407188 -0.11900877 -0.0073767547 -0.036667675 -0.37621668 0.09529965 -0.20151094 -0.090898976 0.051926937 -0.33809388 0.0324343 -0.15113313 -0.33467343 -0.24868953 -0.32785124 -0.29822555 -0.026350493 
-0.03451751 -0.017148066 -0.00015720128 0.038307007 -0.028734008 0.07367313 -0.025647588 -0.11773292 0.31588316 0.12904109 -0.06357342 0.0011167073 0.15669714 0.10406482 0.0042900685 -0.14888117 0.052268717 -0.5865874 -0.053761892 -0.18253112 0.019481706 0.26330283 -0.30042222 0.5094491 -0.3180001 0.27654773 -0.26596975 0.002939241 0.2802371 0.29380664 -0.13752544 -0.34162685 -0.12971511 -0.25113446 -0.049217444 0.19665375 0.16710213 -0.40154296 -0.06385061 -0.48363554 -0.062522046 -0.13025694 
-0.15790762 0.081606306 -0.5845422 1.119825 0.21809496 -1.2480736 0.011365403 -0.175703 0.35000283 -1.5814335 1.4695356 -1.8911624 -1.5270079 -0.8868953 0.1606203 -0.3146731 0.7424295 -1.5884962 -7.0742173 -0.8245227 1.7530543 -0.24356252 -0.9858577 -2.5965326 0.7700177 -1.833794 -0.6524371 -0.1475912 0.4951052 -0.6161693 0.0021547556 1.343914 -9.090998 2.828567 1.9021736 -0.042734563 -0.46857345 2.3410227 0.67669445 2.0653234 1.0799648 -0.5958125 
-0.72598636 -0.5042647 0.77680135 0.8025911 1.532428 0.29603827 0.14955911 0.27110618 2.8334854 1.9975464 2.1563368 0.042724453 1.3187888 0.91275465 0.8462831 3.8660312 4.4844866 -0.99449456 -2.9689963 0.41127548 0.38640088 1.3763002 -2.5120428 4.0091515 -0.73253334 3.5778024 -2.144844 2.1199052 1.001985 4.2623315 -1.0468981 -1.2931167 3.579366 1.1444572 2.1622834 2.0602338 1.8695945 -1.5649035 -0.5428499 -2.9435582 2.7280314 2.0046616 
-0.0040770485 0.008778138 -0.071099356 -3.7190182 0.35127145 0.3286701 -0.96816164 -0.23822452 -0.25692955 -1.0290493 -1.563702 0.23308584 0.33846357 0.6418896 -0.6030225 0.110250436 -1.3922441 -6.6092067 -0.4025489 -8.613164 0.06029082 -0.18630765 -0.83213454 -8.73576 0.88799495 3.143273 -1.9368805 1.0574214 0.6109395 -2.7134752 -0.74862796 1.5773357 -3.009755 -1.0774118 0.9955256 0.063258864 -0.10892515 2.6891086 0.7210812 3.5636115 2.3745759 -1.5494038 
-0.61390334 0.06452293 -1.3757993 -0.6172518 -0.28302875 0.057911385 -0.12500444 0.36903253 -0.0040153586 -0.27378833 -0.1903425 -1.4504031 -1.0884743 -1.1121985 0.9926554 -0.46188596 -0.5586615 -0.7908879 -1.2627316 -0.44546115 0.49960807 -0.12478285 0.00030659998 -0.6324354 1.4352854 -0.045510173 -0.8351339 0.1521481 -1.4882036 -2.1274176 -0.12381388 -0.10501166 0.5020137 -0.5012951 0.7311155 
-1.2838383 0.9256255 -1.9783871 2.1217725 0.124189295 1.6388541 0.5277924 -1.7880759 -0.119907945 1.0114359 0.14299378 -0.98184687 -1.0281852 -0.9218056 -2.0644917 0.17632803 0.51916766 0.75582296 -1.4760957 -1.1172022 0.030792123 1.4310122 0.16151673 1.1185473 -2.7693293 0.42801338 -1.5438253 1.628603 -1.1764691 -2.1241543 0.16224273 0.07398233 1.0240186 -0.30203557 1.3915217 
0.9799246 0.022479476 0.37411967 -1.046904 -0.12774064 -1.6213987 -0.10968318 0.99512374 0.053388447 -0.62707263 -0.11000773 -0.24039264 0.12465791 -0.05896581 1.09819 -0.5329845 -0.2882538 -0.5492413 0.60824263 0.5378973 -0.37294343 -1.3557026 -0.043387577 -0.3471521 1.4885316 -0.4200434 1.1650898 -0.45202777 0.3502939 0.85341936 0.07671445 -0.07153863 -0.64633167 -0.5119459 -0.47112465 
-0.45217264 -0.17846237 -0.41962537 0.58657944 -0.07835662 0.5003552 -0.045170225 -0.4407785 -0.21334285 0.27719858 -0.07974703 -0.6036578 -0.6179596 -0.60835683 -0.7038899 0.1288942 0.18078198 0.42811945 -0.8290037 -0.56900454 -0.03189501 0.2821964 -0.108795874 0.3390849 -0.9027041 0.061510917 -0.4162901 0.30079904 -0.3769742 -0.536829 0.02128706 0.03704907 0.032049764 -0.3204311 0.23842292 
-0.7334495 0.031497832 -0.76427823 0.94498014 -0.09560927 1.5507557 0.09288844 -1.0827539 0.055389464 0.54979295 0.21237546 -0.49447918 -0.6578342 -0.4396443 -1.347988 0.38867828 0.3349564 0.6785315 -0.87820697 -0.79963464 0.019012433 1.1163429 -0.047515463 0.55979925 -1.6762221 0.14342833 -0.8822144 0.45750025 -0.6071193 -1.0766172 -0.13363555 -0.24640644 0.6431747 -0.40229788 0.7303252 
0.7051308 0.36400944 0.13311486 -0.7383505 -0.031901926 -1.2989362 -0.13025776 1.0189109 -0.05412276 -0.62965816 -0.20057204 -0.08621125 0.26851988 -0.37926924 0.81756634 -0.54180765 -0.13368364 -0.5161664 0.15990843 0.2884512 -0.25483403 -0.89202857 0.039391376 -0.3756587 1.1711698 -0.4470092 0.8345365 -0.7749658 -0.022052674 0.71112615 -0.14406227 -0.08538083 -0.47110447 -0.44510302 -0.507149 
-0.36175835 0.04217595 -0.1909904 0.41254815 -0.041835826 0.46987823 -0.0048231427 -0.24717237 -0.15499534 -0.005652618 0.14387177 -0.33660194 -0.44429514 -0.5047927 -0.53768474 0.028109388 -0.12846062 -0.04704514 -0.42672068 -0.28828213 -0.10418639 0.2411872 0.13387841 0.024070574 -0.5149501 -0.07646965 -0.33360872 -0.11415285 -0.031861957 -0.4020692 -0.06967811 0.089081384 0.28787702 -0.22870772 0.3652016 
0.66947824 0.30669737 -0.0055756117 -0.5032304 -0.11682286 -1.0982157 -0.21906513 0.9550886 -0.0143829575 -0.64982384 -0.10440327 -0.28626135 0.18976003 -0.1421858 0.4655279 -0.6822027 -0.071872495 -0.379714 -0.04483559 0.39396417 -0.14051476 -0.9989725 0.0289608 -0.44813633 1.3789468 -0.284041 0.8683736 -0.8940458 0.15407822 0.542012 0.0060228216 -0.006632429 -0.45344839 -0.6388248 -0.3696613 
0.8344116 0.2844465 -0.08218913 -0.94824207 -0.19441283 -1.8450062 -0.13594659 1.1785538 -0.13308182 -0.7843351 -0.22987473 0.16321807 0.3834802 -0.3270339 0.8981224 -0.6935594 -0.3524099 -0.6339377 0.16628842 0.50923973 -0.16335303 -1.4145743 -0.15233748 -0.72107583 1.4892718 -0.3568111 1.1521834 -1.0725393 0.043173563 1.0950061 -0.04099222 0.07120889 -0.64600956 -0.541192 -0.4591015 
-0.7713717 -0.099314116 -0.7025642 0.82768875 -0.15137303 1.0883418 0.28075296 -1.0738652 -0.10958067 0.73681825 -0.12283891 -0.78339726 -0.80927795 -0.73436743 -1.1540241 0.56501716 0.18562627 0.78953516 -1.230607 -0.799948 0.14419563 0.92018306 -0.13793306 0.6612112 -1.5145849 0.45434502 -1.0587467 0.5037956 -0.5353598 -1.2093772 -0.109970555 -0.010367438 0.29812828 -0.1724831 0.69950765 
-1.9629195 0.042598862 -0.36012137 2.1251724 0.1260079 5.386258 0.31531334 -2.396635 0.26915154 1.8698319 0.1357755 -0.6772231 -0.92807007 -0.5191564 -2.8049557 1.7645015 0.13342033 1.1461717 -1.9605874 -1.2705915 0.02954601 3.5202336 0.17729123 1.6142943 -3.5764298 1.021315 -2.2705934 -0.1953052 -0.66157997 -1.7069882 -0.012499184 -0.00033776168 2.1733184 -0.68126404 2.0428376 
-0.39745212 0.3640188 -0.7661673 0.70974934 -0.02037456 0.7780065 0.16337204 -0.6503307 -0.25875822 0.22525287 0.1478572 -0.59131926 -0.40279368 -0.44739264 -0.82482713 -0.10117402 -0.12319768 0.08193672 -0.5271009 -0.40001506 -0.22061679 0.33510122 0.02273527 0.4114707 -0.8494538 -0.08799189 -0.50055116 0.45614666 -0.2478827 -0.5476993 0.01582863 -0.009585854 0.22423829 -0.33405638 0.5658818 
-1.2673733 0.42436722 -1.3152521 1.8039153 -0.045120467 1.1953137 0.32595044 -1.4792612 0.123041995 1.2249457 0.16881892 -0.79908437 -1.2555778 -1.1868219 -1.8656832 0.48292774 0.5498041 0.9521644 -1.6065989 -0.9069508 0.20084427 1.8874537 0.021075414 0.69973 -2.3774605 0.48081732 -1.2845392 1.1115651 -0.81337905 -1.6733534 -0.11202792 -0.109748386 0.6089189 -0.24447408 1.1735437 
2.3871078 -0.40960535 0.96946675 -2.7576296 -0.0026826265 -5.3238387 -0.5992522 2.9829214 -0.1499447 -2.2433686 -0.30164847 0.19228166 0.92156255 0.44298467 3.3008397 -1.522442 -0.7233903 -1.6495049 2.4201288 1.2902603 -0.42071304 -3.4919996 -0.28362352 -1.3049817 4.277962 -1.0662434 2.7078586 -1.371433 1.2567276 2.636916 -0.27577344 0.16712698 -2.0018008 0.16234487 -1.7956426 
-2.2631252 1.1640273 -2.4210842 3.1018124 -0.14121689 3.1366348 0.89264625 -2.5714917 0.10008283 2.0388622 0.6107536 -0.8270667 -1.1476481 -1.2412922 -2.8941674 0.52233684 1.2665008 1.2715942 -2.1405766 -1.2203994 0.094694674 2.958651 0.14994617 1.4465907 -3.7848375 0.62302727 -2.1093369 2.1198459 -1.5035241 -2.8756802 0.07077851 -0.25426406 1.6192393 -0.39709833 2.3408377 
-0.9254337 0.52232677 -1.1575884 0.9775764 -0.09966908 0.95177025 0.062342227 -1.061302 0.032887597 0.57067823 0.15621705 -0.6680774 -0.82955503 -0.728059 -1.1853914 0.09166477 0.2115172 0.6664828 -0.99097985 -0.54035056 -0.0797442 0.9546501 0.078058355 0.39096355 -1.5015618 0.17260945 -0.7268357 0.90093184 -0.5934397 -1.1001935 -0.049841598 0.040759545 0.6338821 -0.27852392 0.919173 
-0.8543139 0.23815255 -1.030857 1.2569625 -0.09594321 1.2543467 0.12129607 -1.2599566 0.014091998 0.95014244 0.19644022 -0.6814457 -0.96074504 -0.8089938 -1.3918246 0.43706468 0.07521716 0.8534508 -1.1971667 -0.78630066 0.11788753 1.5348902 0.0387498 0.5560426 -1.9458516 0.45706844 -0.9890013 0.7538837 -0.5625044 -1.31603 -0.108185254 -0.21896216 0.5255606 -0.4058413 0.7238001 
-0.35465193 -0.122024894 -0.5064602 0.12965746 0.016613252 0.2282223 0.08927319 -0.16695565 -0.17507707 -0.060905784 0.03951457 -0.35187003 -0.5194843 -0.48157287 -0.2869705 0.04695213 -0.10125605 0.23159485 -0.454368 -0.333136 -0.045262914 0.013856617 -0.14092381 0.1470404 -0.4813164 -0.06498695 -0.17740528 0.012056713 -0.24844505 -0.29640552 -0.14375898 0.08186065 -0.06908167 -0.34333965 0.10487333 
-0.10645557 -0.0030399992 -0.32637015 -0.0037684867 -0.13739213 -0.23351686 -0.103625275 -0.07539922 0.08666167 0.03906052 -0.20121603 -0.29292583 -0.23787986 -0.38218397 -0.21341652 -0.26096636 -0.17695825 -0.20003241 -0.08523076 -0.24435659 -0.21598941 -0.13785024 0.063768424 -0.051927336 -0.13661525 -0.1395116 0.09382418 -0.39898378 0.06714579 -0.10946914 -0.1960297 -0.10949753 -0.10968572 -0.26946527 -0.12199783 
-2.7844632 0.10049681 -0.7501592 3.3306096 0.119673215 7.0938525 1.0293468 -3.1497278 0.36222896 2.4059954 0.49027523 -0.8810232 -1.0001931 -1.0739989 -3.9771342 2.1911666 0.8658545 1.2175215 -2.4248483 -1.8729914 0.17657141 4.5179434 0.17253561 2.3158593 -5.192856 1.472346 -3.2082074 0.18405873 -0.87992704 -2.232305 0.25276658 -0.063641585 2.887265 -0.7696984 3.2376235 
-1.7419374 0.6437195 -1.3529989 2.2303572 0.16628806 4.0717826 0.40292972 -2.0898628 0.027474498 1.5181987 0.20332351 -0.61908543 -0.45729667 -0.44307122 -2.346243 0.9067841 0.7415787 0.8437354 -1.60402 -1.2088288 -0.036385752 2.2202475 0.28340685 1.1851783 -3.2389464 0.40520132 -1.9327952 1.0398096 -1.2245488 -1.8861079 0.066985354 -0.1521496 1.7717289 -0.42363808 1.7670531 
-0.764953 0.08336138 -0.79232174 0.90316147 -0.13930686 0.6291353 0.044105127 -0.84534806 -0.08798905 0.52299273 0.16165002 -0.78403014 -0.84955084 -0.70214427 -0.82562053 0.33376488 -0.090535045 0.62391156 -0.9528659 -0.5721077 0.12659234 0.8720079 -0.11211299 0.3164955 -1.2245886 0.17653494 -0.6701889 0.3357014 -0.411725 -0.7164231 -0.20479047 -0.061235286 0.3593762 -0.24863945 0.48665467 
-0.26050013 0.16203445 -0.46063283 -0.09253742 -0.038664743 0.1232462 -0.007301706 -0.21522242 0.03706698 0.1401083 -0.08426657 -0.34326085 -0.39017045 -0.4575905 -0.30815634 -0.054283544 0.047126714 0.049550813 -0.22369948 -0.09504583 -0.15748149 -0.16597518 0.003822759 0.077312514 -0.25982195 -0.23112832 0.014859158 -0.34273314 -0.17210281 -0.074394755 -0.25004664 0.021165824 -0.025072856 -0.365041 0.00932777 
-1.0338684 -0.2121225 -0.7666522 -0.64772475 -0.2868239 -0.8836384 -0.29623678 -0.14601906 -0.71282136 -0.72033423 -0.8802439 -0.7732939 0.31964517 -0.94714344 -0.92409545 -0.6991851 -0.8374006 -0.6763132 -0.94946307 -1.0009351 -0.7203091 -0.71111166 
-0.73428226 0.35415718 -0.06980571 -0.14262633 0.08248092 -0.13376844 0.26343697 0.45492056 -0.3567866 -0.9419377 -0.45534167 -0.5187494 0.55206895 -0.6707225 -0.4984092 -0.46248925 0.019810276 -0.16811976 -1.2272147 -0.49619648 -0.33430678 -0.0035321165 
-0.9122776 0.70844775 -0.17383894 -0.7432596 0.57070774 -0.17899513 0.39968005 0.72640336 -0.515665 -1.46926 -0.22793026 -0.7846141 1.4805543 -1.0460438 -0.70833415 -0.7716713 -0.3314043 -0.14393349 -1.9223288 -0.9611636 -0.3755899 -0.25298822 
0.39234027 -0.03674383 0.3066575 0.2522071 -0.27317944 0.26660272 -0.3890574 -0.46790692 0.3239339 0.81018096 0.06981925 0.2457544 -0.5336733 0.42504978 0.10472702 0.3312912 0.030267663 -0.017107498 0.77020025 0.42668676 0.36383155 -0.10520681 
-0.7880771 0.5091026 -0.4113185 -0.60926116 0.235179 -0.27612916 0.4025773 0.62956274 -0.3660439 -1.1931852 -0.23394096 -0.81849915 1.0665197 -1.0041723 -0.43439895 -0.3396219 0.06827807 0.17828876 -1.6430032 -1.0448338 -0.40937856 -0.0349234 
-1.3102001 1.006515 -0.5954198 -0.81941545 0.9681051 -0.19208501 0.7403893 0.899415 -0.8052628 -2.1382616 -0.48518315 -1.2856332 2.091647 -1.8582771 -0.87854594 -0.7975904 0.012158984 0.15381733 -2.644978 -1.5491805 -0.6866103 0.05873425 
-1.2754861 0.97989166 -0.55396086 -0.9334136 0.797895 -0.0020239304 0.7883257 1.0023553 -0.85425764 -2.2495553 -0.44184893 -1.1932137 2.1150181 -1.9957299 -0.7555421 -1.0714053 -0.12216081 0.19668499 -2.8008535 -1.4596597 -0.6506975 0.027206771 
-1.4347864 1.0508475 -0.26940763 -0.6417421 0.735801 -0.09225419 0.86962086 0.916346 -1.0750444 -1.7423946 -0.29043937 -1.0810544 1.8980235 -1.8970171 -0.4543494 -1.0229152 -0.32046875 0.13303992 -2.5598087 -1.388298 -0.5114124 0.10966666 
-0.7156435 0.21948646 -0.39944604 -0.23568763 0.4260216 -0.13011128 0.37867364 0.16691221 -0.40527946 -0.87126184 -0.2654094 -0.73551 1.0404831 -0.9562226 -0.28854015 -0.3670996 -0.116136044 -0.1125701 -1.4442723 -0.5399411 -0.3454986 0.06356426 
-0.6630466 0.422319 -0.08051095 -0.56720144 0.49630412 -0.3143347 0.58796334 0.6486541 -0.64093983 -1.2434158 -0.42262852 -0.6834111 1.2135789 -1.0052636 -0.5725994 -0.71637315 -0.26743683 0.17459245 -1.5206836 -0.9819847 -0.40684843 -0.20112039 
-0.2838608 -0.059684906 -0.18348065 -0.13821425 0.3059499 -0.30668074 0.047236748 0.15250571 -0.29102412 -0.71124333 -0.054681182 -0.47866356 0.55182564 -0.7846002 -0.39248204 -0.4721377 -0.2570619 -0.015434878 -0.8088337 -0.6373043 -0.2424165 -0.03340489 
0.38345113 1.105105 -0.36874524 0.8285798 1.6696402 1.7995113 1.4385215 0.44830862 0.8131466 0.122134104 
1.8984067 2.8131893 -0.2946419 2.5626225 3.4841578 3.8281264 3.4922185 2.2293546 2.2838945 1.6740125 
-0.75932854 -1.3929657 2.66315 -1.0133902 -2.6605477 -2.4825063 -2.2622073 -0.742856 -1.408012 -0.41741526 
-1.3814111 -1.7355772 -1.7389756 -1.3328843 -1.1786059 -2.004635 -1.3608307 -1.6566582 -1.0954082 -1.4662261 
-3.7829297 6.6768436 -3.42427 
