42 35 22 10 3
1
-0.14061497 -0.18229017 -0.13175713 0.15071358 0.016317131 -0.34610474 -0.005435399 0.17208202 0.3604135 0.08043461 0.07366239 0.10349389 -0.058776215 -0.0023929868 0.61918104 0.643332 -0.13951609 -0.19790816 0.47699097 -0.13296144 0.4822687 0.5939605 0.7833133 -0.6143712 -0.22211675 0.7042944 -0.11891121 -0.14571618 -0.22644477 -0.38112834 -0.58077395 -0.11748369 0.08252472 0.30734533 -0.38995618 -0.4668119 -0.7853047 0.100358196 -1.5082521 -1.0455574 -0.17317767 -0.12205119 
0.100832336 -0.1898721 -0.12599869 -0.011544506 0.14731504 -0.076748446 -0.22194171 -0.12255318 -0.4710146 -0.2834496 -0.034911286 -0.2673415 -0.18021637 -0.3901653 -0.014665771 -0.38118893 -0.36360663 -0.40922415 -0.28846768 -0.009315131 -0.08281991 -0.10129429 -1.1015579 -0.2051896 -0.99757737 0.07416031 0.036941644 0.4764532 0.216335 -0.6173813 0.67031866 -2.040052 0.6690996 -0.4411506 0.72663796 -0.31718618 -0.47656825 -0.24554875 0.5099141 -0.20464663 -0.70595735 0.23708254 
0.4190957 0.14676824 0.21280538 0.12354901 0.29362833 0.16926819 0.24477261 0.15310194 0.042864494 -0.20490827 -0.21655017 0.3148847 0.0109835 0.21555203 -0.028269874 0.048842385 -0.22210711 -0.21548304 0.14097333 -0.33366165 -0.1937618 0.07240805 -0.39984152 -0.31185117 -0.20171961 -0.32922176 0.093896225 0.07894437 0.0743772 0.14155653 -0.0922462 -0.8360128 -0.34034982 -0.16267319 0.36252245 0.33115616 0.16043927 0.35516205 -1.0251578 0.4512319 0.36772242 0.29395902 
-0.6422288 -0.5017173 -0.37593186 0.20116736 0.05931876 -0.6456625 -0.3059846 -0.6143636 -0.31277716 -0.1716269 0.43720856 -0.4860688 -0.7174638 -0.76203966 -0.3582076 0.87601215 -0.23709133 -0.40057135 -0.047578435 -0.0334442 -0.0035632956 -0.43236196 0.6264847 0.52596676 0.17667773 1.5824823 -0.61473525 0.1304011 -0.33501053 0.3511346 1.3261667 -0.94909054 1.6201501 -0.2904918 0.25815764 -0.30577976 0.076367095 -0.2983343 -2.370882 -0.86439526 -0.6435923 -0.5860433 
0.115731336 0.1053403 0.010122706 -0.06356065 -0.02877583 0.11728091 0.049137812 0.11624806 0.06671376 0.1112611 -0.11412865 -0.13703029 -0.12078932 0.040757183 -0.022363052 -0.1888992 -0.087736785 0.010065963 0.07083169 -0.104038514 -0.05375821 -0.26339573 0.010191528 -0.111697465 -0.1675522 -0.19282897 -0.11347014 -0.07384004 -0.079858385 0.00436078 -0.009867831 -0.21742229 -0.033916008 -0.19569395 -0.033792954 -0.23585582 -0.037523232 -0.06890055 -0.2597012 -0.01991438 -0.020626724 -0.22596464 
0.05457683 0.012119605 0.03894965 0.014541649 0.08759679 0.019155309 0.112272315 -0.16792876 -0.04621261 -0.14959201 -0.104344934 -0.11864831 0.0320788 -0.0927419 -0.16938934 -0.14299768 -0.0023106216 -0.16784057 -0.033227734 0.104915135 -0.08779137 0.00033144598 -0.15214716 -0.01265049 -0.1353396 -0.176367 -0.21651441 -0.08917168 -0.047247518 -0.048610106 0.010664063 -0.11701843 0.00039693736 -0.021299433 -0.16398948 0.0024961147 -0.21635228 -0.16451913 -0.2796899 -0.24288552 -0.13370848 0.029502979 
-0.05419479 -0.10112365 0.11528172 0.12062862 0.07525172 0.023026431 0.12445928 0.061394103 0.069750436 0.05799966 -0.06094699 -0.08440037 -0.07701673 -0.01696854 -0.06522197 0.09464884 0.06053344 0.062481437 -0.040979013 0.0629879 0.0029058112 -0.07281301 -0.020940747 -0.11419207 -0.17202447 -0.050464794 0.06567403 -0.11175648 -0.18530075 -0.24523982 -0.09345294 -0.0088122785 -0.18342711 -0.1652949 0.105532475 -0.04235644 -0.06896978 -0.14307463 -0.34295484 -0.1084584 -0.1597733 0.01160931 
0.055406637 -0.05094182 0.107848845 0.10749498 -0.08191028 -0.0050055687 0.058967486 -0.012738279 0.006482467 0.049691997 -0.08810686 0.12297684 -0.04732216 0.08079599 -0.30023327 0.009525036 0.11263283 -0.24850845 -0.073889956 -0.032447312 -0.17213768 -0.07354435 -0.16149276 -0.26461038 0.023097185 -0.26888338 0.0743144 0.034839414 0.07787051 -0.15564686 -0.18859687 -0.21604736 -0.25208265 -0.33791372 0.24073921 0.15811697 0.099414326 0.044495054 -0.55395657 -0.054358914 0.007114529 0.29249868 
-0.1589444 2.3818495e-05 0.09475619 -0.20350075 0.087071575 0.060069237 -0.093234114 -0.008452956 -0.09126365 0.069389656 -0.12773223 -0.084443696 -0.00016866089 -0.11135482 0.027535519 0.03476794 -0.087583914 -0.017182872 -0.06462047 0.007772702 0.05672412 0.067942 0.075677365 0.18436329 -0.014023038 -0.11380676 -0.072351016 0.10430396 -0.12008569 -0.10392776 -0.20239204 -0.14343002 -0.120141216 0.11049263 -0.15955438 -0.20966645 -0.41140124 0.022837607 -0.058408108 -0.39889723 -0.13383642 -0.25618687 
-0.029270463 -0.0058141034 0.11279392 -0.048029494 -0.085679255 -0.010460165 0.034193363 -0.12888452 -0.18484546 -0.15755181 0.049073596 -0.01502045 0.075765446 0.018170632 0.13630062 -0.034023415 -0.15215616 0.063792594 0.035832383 -0.08385714 -0.09471962 -0.090475306 0.014155009 0.0270039 0.03976054 -0.077880755 -0.087237395 0.040639803 -0.118297406 -0.21412173 -0.19918732 -0.10387132 -0.121829875 0.018601699 0.08146638 -0.18933615 -0.065288655 -0.2735739 -0.04272465 -0.253132 -0.29199964 -0.11192445 
0.07281828 -0.36015037 0.005561686 -0.2249605 0.15200305 0.13037243 -0.062077098 0.28133455 -0.2565934 0.41547072 -0.3333222 0.09483585 -0.11746303 0.38229865 0.4015494 -0.061789807 0.9525356 0.11003513 -0.019138983 0.47243336 0.30183604 -0.20585658 -0.011962378 1.6656816 -0.30658478 -0.47200063 0.27790758 -0.29725748 -0.44895968 -0.34092543 0.43795085 -0.6462938 0.13065635 0.8001341 -0.8578453 -0.44580388 -0.5991622 0.043656375 -1.5017983 -0.724637 -0.38592052 -0.25265723 
-0.09058381 0.05371886 0.08221801 -0.02271693 0.03069827 0.055394 -0.07496992 -0.0064684665 -0.12363565 -0.071874954 -0.04188095 -0.07551075 -0.13744462 -0.04999013 -0.115757994 -0.015147321 -0.19898537 -0.17496689 -0.13127697 -0.020307887 -0.07434674 -0.040970847 -0.10272796 -0.09969948 -0.0062628 -0.0836956 0.06998493 0.02644688 -0.03577877 -0.04960801 -0.1038126 -0.29073378 -0.23959666 -0.07291249 -0.054316174 0.06237387 -0.16538374 -0.041793358 -0.23757598 0.0054308195 -0.25616714 0.04148094 
-0.41181237 -0.20434935 -0.35924083 -0.036370955 0.1165587 -0.3138949 -0.1696333 -0.22085924 -0.5158985 -0.16652606 0.142832 0.07561934 -0.26718503 -0.44194955 -0.19418913 0.53944016 -0.41705126 0.061274685 0.47485358 0.20644133 0.12160565 -0.07309628 -0.048756562 -0.3775751 -0.7493935 0.64889526 0.2945255 0.41775715 -0.19118792 -0.9514493 0.16403668 -1.5751679 1.3224448 -0.070918225 0.8048344 -0.25181338 -0.29647967 -0.5498237 -1.5183339 -0.30131084 -0.28934324 -0.22662711 
-0.23866992 -0.18458842 -0.23557602 0.07533725 0.17619516 -0.2982523 -0.12879723 -0.17165276 -0.4489014 -0.15716898 0.058202874 0.015410463 -0.44373292 -0.3141023 0.09327589 0.296842 -0.217986 -0.20694812 -0.041259184 0.06767687 -0.30101132 0.18867663 -0.13309647 -0.42658293 -0.83562887 0.11623509 0.31558695 -0.22471832 -0.08904948 -0.9612039 -0.049454268 -1.5089346 0.2932509 0.2919323 0.2492458 -0.44563922 -0.019464899 0.32596543 -2.6596937 0.105363056 -0.2319054 -0.05270218 
0.041543283 -0.084141046 -0.050317455 0.17399256 0.13577741 0.22756532 0.0077344794 0.092602156 0.06941731 0.0520673 0.05949699 0.13659184 -0.082758784 0.1478845 -0.19660695 -0.018743893 -0.08678507 -0.10967891 0.097694464 -0.18531518 -0.14597045 0.015162916 -0.078341186 -0.18488824 -0.076811716 -0.2893394 0.19675872 0.096317664 0.022943152 0.04176016 -0.10438074 -0.23598897 -0.27729854 -0.2626838 0.119124316 0.13350536 -0.0048514795 0.036627743 -0.6846474 0.13633838 -0.07995678 0.40434703 
0.41331354 0.09407306 0.2323147 0.13981435 0.19694567 0.345911 0.35490775 0.20936188 0.32865065 0.11484187 -0.048749562 0.37296954 0.19861184 0.2403696 -0.112113945 0.07838592 -0.011822581 -0.17476209 0.1607171 -0.13315426 -0.36364016 -0.104025036 -0.088630214 -0.29866707 -0.10018606 -0.3366706 0.28256506 0.15967645 0.11430941 0.2704607 -0.23059146 -0.5758525 -0.10107795 -0.07365894 0.24063374 -0.093876116 0.26964656 -0.12336452 -0.7139565 0.053141017 0.1716705 0.3358077 
-0.19017117 -0.28684583 0.080237105 -0.32516116 -0.10895979 -0.0704643 -0.24996157 -0.07121958 -0.08036802 -0.07860091 -0.4427805 -0.20279883 -0.041328583 -0.042324897 0.28150192 -0.17996444 -0.26688108 -0.24822992 -0.36926675 -0.19671683 0.40196037 -0.1447381 0.14316106 -0.10054318 -0.13979714 -0.20224884 -0.11172084 0.07235122 -0.01128051 -0.04418513 -0.06476525 0.40896687 -0.6809364 0.20534326 -0.2086173 -0.13462615 -0.21189074 -0.19974907 0.7885858 -0.7036948 -0.16981652 -0.18271859 
0.06135639 0.009161404 0.039955862 0.1755507 0.03587658 0.0054025017 -0.030817188 0.15717813 0.27011284 0.06742719 0.19357926 0.009585222 0.18880811 0.17925046 -0.42090967 -0.19891286 -0.08771859 -0.20884939 0.007003721 0.07423473 -0.19466372 0.02049666 -0.2838147 -0.19872025 -0.04369974 -0.32419804 -0.06316658 0.16801387 0.20437972 -0.07342269 -0.1545743 -0.22715424 -0.34197816 -0.28378326 0.0026684257 0.39880952 0.42189804 0.002146573 -0.8819012 0.033315405 -0.17942816 0.3060571 
-0.3088712 0.011128309 -0.040853437 -0.26842132 -0.11858005 -0.44448164 -0.41705453 0.36316714 0.022159277 -0.16152127 0.6488713 -0.1786735 0.07342839 -0.57138425 0.14653125 0.7171243 0.22373305 1.054582 0.17503448 -0.27918896 0.8261928 -0.2864949 0.54559934 -0.14650306 0.86224866 0.2878905 -0.8057349 -0.690158 -0.6565759 0.5895388 -0.55485296 3.5798578 -0.5226929 -0.23349306 -0.26759195 -0.294915 -0.80726033 -0.8338646 0.8070951 -0.97809285 -1.2269757 -0.6052003 
-0.31129554 -0.30511776 0.0659498 -0.34765926 -0.21609671 -0.021043226 -0.3017083 0.28033316 -0.44553694 0.06845501 0.071099244 -0.3588186 -0.17487463 -0.04797846 0.43745196 -0.6914933 0.25945154 0.8030915 -0.29754823 -0.47724438 0.6799801 0.3042556 0.1229166 0.36773282 -0.068688855 -0.3719616 -0.35021842 0.05229266 -0.7059209 0.52845377 -0.4883743 1.1683702 -0.45747915 -0.22404762 0.031270657 -0.08192074 -0.7874879 -1.2626597 1.7622812 -1.5158035 -0.108375184 -0.42669702 
-0.065898895 -0.083139494 -0.044095915 -0.071858115 -0.014726618 -0.15026252 -0.09330913 0.0552985 -0.19333296 -0.12359036 -0.09170252 -0.28939417 -0.19968961 -0.0003750684 0.40983614 -0.2565132 -0.3123262 -0.32035112 -0.4103522 -0.118426874 0.43571454 0.4360113 -0.08317641 -0.28330112 -0.79479134 -0.25638404 0.32157063 0.108878985 0.015669981 -0.23695746 -0.17834978 -1.0440367 -0.4504228 -0.12284804 -0.032476824 -0.28142655 -0.4481341 0.0010101264 0.74919724 -0.5439047 -0.21310909 0.03241667 
0.027055206 0.030766979 -0.08543497 0.12973112 0.12340061 -0.10208143 -0.039059274 0.18355049 0.03536611 -0.048114736 0.051377155 0.050927628 0.03576763 0.06617224 -0.22638083 -0.08608898 0.0077638067 -0.15183991 0.105626404 -0.116508015 -0.22877377 -0.011020234 -0.13373044 -0.14266945 0.046576835 -0.12876895 0.09643372 0.1309198 -0.0022288754 0.026619058 -0.18131538 -0.2961951 -0.224221 -0.16143912 -0.023947077 -0.04988813 -0.08384549 -0.11878075 -0.4053041 -0.14311412 0.018317861 0.15332174 
0.24831899 0.08096224 -0.1264177 0.15665148 0.09025361 0.058124624 0.30205584 0.26736894 0.1504756 -0.1800578 -0.0038338474 -0.099999696 0.04946943 0.09033374 -0.28887582 -0.031672034 -0.022483923 -0.08468707 -0.020122988 0.060956094 -0.23585995 -0.16437978 -0.31407285 -0.24764465 0.027868558 -0.3723643 0.15179265 0.18710978 0.16337968 0.095127344 -0.10690391 -0.20258468 -0.19456813 -0.3711376 -0.05103848 -0.022436542 0.39153612 -0.14267017 -0.7096236 -0.06408158 -0.04101155 0.36479464 
0.13195005 0.07187275 0.024776805 0.121124394 0.26765108 -0.09941708 0.42058614 0.19812222 0.28584942 -0.039888635 0.03352384 0.2828741 -0.20638104 0.53364766 -0.8215552 -0.29426384 -0.05639194 -0.26618758 -0.14013632 -0.07344214 -0.28494656 -0.64353776 0.16325685 0.014969898 0.26918164 -0.40607542 0.009886705 -0.007048763 -0.4136927 -0.06159868 0.030513255 -0.014507598 -0.3068722 -0.7429136 1.0378251 -0.4276241 -0.30103937 -0.24399029 -1.1171976 -0.3525124 0.7612047 1.6487889 
0.76803094 0.048188515 -0.20940141 -0.07017544 -0.28382573 -0.02963079 0.19097038 0.59840584 -0.15998735 -0.35197726 0.22984631 0.016155398 -0.44811204 0.9335198 -0.35414186 -0.81488806 -0.055656563 -0.64820856 -0.37646624 -0.35202187 0.67711663 -0.32224947 -0.23815025 0.22294527 -0.032951478 -0.23161665 0.3572697 -0.086366564 0.18750118 0.18620731 0.4217269 0.60009193 -0.32186648 -0.38519585 0.83123136 2.2882245 -1.3728176 -0.42184725 -1.9096804 -1.1252068 -1.1286802 2.5628347 
0.15609002 0.12857054 0.10203737 0.10448107 0.05997759 0.1522166 0.2313732 0.047357783 0.20675272 -0.07307731 -0.23942646 0.2338721 -0.040701248 0.29520747 0.091785856 0.022040097 0.037336536 -0.33646265 0.29966283 -0.14159353 -0.28740528 0.18963526 -0.15176484 -0.2461326 -0.111261465 -0.30166256 0.38837367 0.15008625 0.37189505 0.07273308 -0.34361017 -1.0973474 -0.15538642 -0.11891048 0.47445905 0.061500475 0.11909479 0.50557697 -1.0194274 0.3768684 0.30145353 0.16147116 
-0.1515686 -0.1579377 -0.17210221 0.08449207 0.076142184 0.030863665 0.061375484 0.093641125 0.041173775 -0.10132018 -0.1914242 -0.13201521 0.036866654 -0.088953815 0.04350661 0.036879778 0.16381064 -0.010498011 -0.038849995 0.058843963 -0.13863225 0.0318195 -0.09996533 0.12668206 -0.13640855 0.0013920295 0.110750735 -0.043309785 -0.10518016 -0.15553606 0.007883941 -0.38134128 -0.22140026 0.022879004 -0.073081635 -0.27475172 -0.33490673 -0.08573428 -0.37345904 -0.17995115 -0.20638673 -0.18082242 
0.34860247 0.087616935 0.005251739 0.13477215 0.17955188 0.17447704 0.11301932 0.21596998 0.23322502 -0.05978469 0.1715553 0.100446865 -0.08648741 0.18799284 -0.39145827 -0.27736396 -0.09128781 -0.2698354 0.07528517 -0.20379806 -0.36500368 -0.07895128 -0.068898536 -0.1377457 0.032797012 -0.29041162 0.2533041 0.23165895 0.11630522 0.11306514 -0.2255126 -0.40629148 -0.325099 -0.0568246 0.024162797 0.24067958 0.09308867 -0.33303773 -0.7820781 0.18806589 0.1683188 0.38377666 
-0.00064693845 -0.017450077 0.015079174 -0.17181157 -0.066241406 -0.15465026 0.07406401 -0.046910077 -0.038287338 -0.015383209 0.006367242 0.06863801 0.05767398 -0.08786027 0.08278948 -0.06021932 -0.08288753 -0.03802908 0.015026346 -0.14403972 -0.14439707 -0.030002585 0.06591456 -0.04840257 -0.23528925 -0.2110654 0.010482247 -0.06695335 0.09294926 -0.26008934 -0.021419048 -0.3678185 -0.013223366 -0.11981505 0.04332404 -0.16920754 -0.14178465 0.0036452988 -0.3222334 -0.19555959 -0.04675046 -0.06428628 
-0.386392 -0.5961559 -0.43131483 -0.101525724 -0.35950863 -0.2298206 0.13657941 -0.3623374 -0.25763518 -0.0018619676 -0.029575933 -0.44810325 0.10744346 0.39957896 1.5134492 0.7411289 0.14327797 0.08719827 0.5657913 0.34422165 1.1457523 1.3662317 0.2805642 0.8910292 0.1599366 0.30412263 -0.078544684 0.23791784 0.3761144 0.16963692 0.50649697 1.5378228 -0.028128864 0.015438854 0.053427953 -0.9242611 -1.5976872 -1.3219616 1.6085218 0.7272092 -1.1929191 -1.1446385 
0.20427042 0.1951655 0.05850771 0.1631328 0.035261296 0.002247302 0.18830365 0.17333242 0.22953373 -0.090180755 0.089212336 -0.008486782 0.13032836 0.0041163587 -0.13789444 -0.19808212 -0.044392765 -0.046413813 0.12722065 -0.079497956 -0.2932116 -0.23924589 -0.1693604 -0.25979996 0.058487058 -0.30988145 0.19800515 -0.06065894 0.172043 -0.015345852 -0.08467185 -0.30000958 -0.24507007 -0.2699499 0.027114999 0.1773124 -0.00094244507 -0.09619352 -0.5582922 0.03353551 0.094158866 -0.064401366 
-0.009780064 0.08236095 -0.14569755 -0.064874396 0.06331241 -0.14312139 0.011566579 -0.04627278 -0.13548163 -0.1642922 0.096060105 -0.1354994 -0.011375762 -0.06458985 -0.050618444 -0.0728766 -0.1871535 -0.1704606 -0.11435168 0.061914682 -0.05174397 -0.20119897 -0.14795074 0.02060503 -0.016726473 -0.17842263 -0.07041175 -0.06387771 -0.12105959 -0.14869072 -0.09954389 -0.13745685 0.0021603322 -0.027049236 -0.09363508 -0.06883362 -0.049547333 0.068653315 -0.34280354 -0.0828573 -0.05700109 -0.09017749 
-0.109924674 -0.27207077 -0.0074234083 -0.005773838 -0.27585256 -0.16298583 -0.16482094 0.01794418 -0.360336 -0.22319499 -0.19022927 -0.32990116 -0.021707986 -0.15094689 0.6049574 -0.08550619 -0.257279 -0.42667678 -0.1062116 0.24364063 -0.14685245 -0.0026136711 -0.42176133 -0.25277892 -0.7492519 -0.017122455 0.47902277 -0.1461849 -0.21668072 -0.13424344 -0.6855671 0.11291186 0.04607299 0.7631825 0.25602126 -0.28476727 -0.64706874 0.14923412 0.07831251 -0.85437906 -0.1187052 -0.17822462 
0.15121092 0.18359692 0.013004267 -0.025442455 0.073912166 0.12884623 0.2463746 0.02161769 0.18696396 -0.079437405 0.14253631 0.02524953 0.15496185 0.16058421 -0.42367697 -0.16359888 -0.033342194 -0.25367984 -0.04348144 0.05676093 -0.26179335 -0.1858438 -0.25467458 -0.15032324 0.11793517 -0.17722583 -0.0152264675 -0.041142445 0.271256 -0.1599878 -0.13564037 -0.27456722 -0.3027138 -0.116840206 -0.16700499 0.2970912 -0.03093395 -0.17341991 -0.59568834 0.0047273147 0.026777567 0.18576415 
-0.109902374 -0.23677877 -0.09981573 -0.032856997 0.22000855 -0.08473374 0.014732638 -0.052932825 -0.204314 0.020506563 -0.14635631 0.18148674 -0.26187417 0.06565724 0.39929035 0.41346276 0.07760345 -0.19255358 0.26413202 0.097375594 0.17319033 0.13580348 0.2509677 -0.3622212 -0.38526058 0.32271916 0.06324335 -0.1299783 -0.2185578 -0.4607467 -0.5485516 -0.97239935 -0.051040675 0.03691772 -0.022240225 -0.22837704 -0.29777923 0.057456467 -2.0999227 -0.18148805 -0.22862163 0.06146773 
-0.013245528 0.043906063 -0.42159727 0.25331116 -0.17945836 -0.10810859 -0.19008079 -0.60952574 -0.076542266 -0.10261692 0.1784275 -0.19543456 0.20778753 0.6010256 -0.46717125 -0.6866979 -0.3711013 -0.25855595 -0.3999655 -0.3307931 -0.11758544 -0.2553735 -0.3800037 -1.2409561 -2.094477 -0.33211783 -0.14484449 -0.510679 -0.21328515 -0.08172899 -0.3191328 -0.25649387 -0.36376652 -0.31024733 0.21676295 
-0.31053838 -0.42954937 0.16351014 -0.84424907 0.17210653 0.0832262 0.14690016 -0.066545956 0.07493038 0.07094037 -0.5670362 0.1090045 -0.5016117 -0.73507214 0.079015866 0.07748866 -0.0723292 0.07506471 -0.46238264 -0.3833886 -0.46314937 0.011985667 0.023000466 0.25996438 0.7987014 0.20572989 0.0821898 0.10556028 -0.03795233 -0.42861012 -0.04736519 -0.10101767 -0.2452319 -0.06311997 -0.27179074 
-0.06455356 -0.29938692 0.0061708707 -0.42770556 0.06222636 0.05996949 -0.13841513 -0.15182577 -0.18750775 0.037285183 -0.18565631 -0.14543702 -0.34983444 -0.3274305 -0.19880287 -0.042388983 -0.22881757 0.10327586 -0.20875779 -0.300942 0.019012168 0.034279697 0.12313012 0.082523614 0.3849091 -0.03982034 -0.14067848 -0.056414016 -0.2030951 -0.41499743 -0.019456033 0.116039835 -0.06884449 -0.09879003 -0.14551051 
-0.3773281 -0.54201716 0.12882674 -0.4907709 0.14931376 -0.03213617 -0.07649965 -0.078691475 -0.027254341 -0.03840927 -0.52316666 0.047701012 -0.50724417 -0.70262593 -0.07313875 -0.029871112 -0.2452052 -0.035216134 -0.532104 -0.24958101 -0.18249579 -0.103828505 0.21706548 0.49757335 0.8492433 0.08031908 -0.09060536 0.14918369 0.13018468 -0.40471563 -0.0013096355 0.06534176 -0.30741584 0.17231372 -0.432524 
-0.6170005 -0.5103395 0.029455435 -0.7813752 0.16534446 0.12251273 0.14918795 0.09490287 0.21489097 0.15927851 -0.6185348 0.12739731 -0.7693986 -0.75697273 0.09442879 0.13477002 -0.055025507 0.12942563 -0.5949651 -0.39950386 -0.40564016 0.21942772 0.2237016 0.46002293 0.87567157 0.10281028 -0.09082229 0.024574056 0.047859315 -0.49228808 0.129878 0.19845948 -0.19132447 0.27549732 -0.5287385 
-0.40589395 -0.5431304 -0.04593605 -0.49566677 0.019944444 -0.11348635 -0.071492925 0.11867557 0.16729975 -0.11304315 -0.45150003 -0.15548056 -0.34675005 -0.33482295 -0.038960844 -0.13241976 -0.2354639 0.18538886 -0.463627 -0.43426555 -0.3557876 0.07888876 -0.06742988 0.26834518 0.6977872 0.101004094 0.061405137 0.13442051 0.13049065 -0.24117368 0.17656396 0.076084934 -0.2662899 0.12672326 -0.44561598 
-0.53194344 -0.56779796 0.2197178 -0.79839736 -0.08968803 0.032350294 0.1533415 0.10370585 -0.12766784 0.09578689 -0.65834737 -0.11227332 -0.73661506 -0.6405502 0.11914914 0.12491958 -0.18667193 0.18097316 -0.56522006 -0.3454567 -0.4021033 -0.019246278 0.015408385 0.47038692 1.2532198 0.1680323 -0.076006755 0.21744694 -0.08065379 -0.4956907 0.18012013 0.0558732 -0.33118933 0.19161497 -0.36173218 
-0.4991883 -0.59224993 0.08985394 -0.80408865 0.10776144 0.23410426 0.06709396 0.21838193 0.03522645 0.064888045 -0.6194641 0.017237071 -0.7319778 -0.58417857 0.23314826 0.15395503 -0.015503693 0.18240114 -0.46844244 -0.3828707 -0.2104121 -0.023046916 0.07849442 0.5571561 1.1514146 -0.035970476 -0.07461884 -0.01600419 0.08994104 -0.48126927 0.022659384 -0.074860945 -0.10891352 0.15714788 -0.4402382 
-0.29615393 -0.2544564 -0.0033273613 -0.38296896 0.026809623 0.046316963 -0.010375083 -0.19438654 0.010625666 -0.035620715 -0.15108904 -0.15650973 -0.283953 -0.16005668 0.046014797 -0.18198483 -0.17049657 0.025607629 -0.41941229 -0.20245713 -0.1209633 -0.1504505 0.121437296 -0.034252226 0.2304757 -0.053529076 -0.052371956 -0.11775857 -0.05201507 -0.34839985 -0.0056276163 -0.05313239 -0.08658823 0.09486583 -0.20586246 
-0.43600574 -0.70149076 0.18619297 -0.9081934 0.18030095 0.25835383 0.20242505 0.0493085 0.027332714 0.0846299 -0.6400045 0.099476226 -0.5941522 -0.8036052 0.010422676 0.14603601 -0.15455301 0.15837878 -0.5737634 -0.3031915 -0.4672554 0.17002004 0.099808566 0.5599784 1.1544572 0.026200084 0.12751922 0.049785435 0.06494447 -0.41215664 0.20010337 0.20961946 -0.164005 0.010959963 -0.6568816 
-0.42237857 -0.5055039 0.02234042 -0.75730723 -0.021606224 0.10663648 -0.056478955 -0.004685838 -0.11563045 0.03905751 -0.4885225 0.13468842 -0.39188632 -0.35618842 -0.096465535 -0.073217586 -0.12454708 -0.030004565 -0.4837498 -0.45485705 -0.15628615 0.07698601 0.08183174 0.40855715 0.78482586 0.15670486 -0.13878427 0.20647535 0.050741106 -0.38438094 0.042174548 0.10571067 -0.33132327 0.070363246 -0.54170585 
-0.4287391 -0.70308805 0.07627711 -0.70418376 0.10499418 0.07048465 0.27156922 -0.011234686 -0.017563945 0.11994186 -0.4251405 -0.017004868 -0.65053165 -0.7555532 0.2438807 0.048848465 -0.20324992 0.0080170855 -0.5990519 -0.13769332 -0.3635996 0.21907307 0.0053325873 0.6689877 1.1261231 0.19330512 -0.011814671 0.107788116 -0.06456751 -0.52888155 -0.030257879 -0.046613224 -0.35540032 0.21529151 -0.6361395 
0.10296319 -0.1297558 -0.04167147 -0.103442684 -0.2130526 -0.02398362 -0.085441194 -0.1610714 0.017887514 -0.22266744 0.071541555 -0.2362266 -0.03242251 -0.13793962 -0.02777508 -0.05465773 -0.19970232 -0.17737456 -0.03683756 -0.24984744 -0.18309525 -0.048400123 -0.21111237 -0.14414765 0.03008053 -0.2332019 -0.22212109 -0.084241465 -0.009495173 -0.09691816 0.010079314 -0.02377733 -0.16191557 0.007294373 -0.21643646 
-0.32333323 -0.39199358 0.08815671 -0.79660887 -0.015722837 0.06562468 -0.02259377 0.1629981 0.11570731 -0.023398107 -0.38569823 -0.0445135 -0.5506531 -0.6263568 0.02614025 -0.068765864 -0.045928184 0.21473771 -0.3589353 -0.2928119 -0.32055673 -0.11228833 0.21762748 0.35429686 0.96342576 0.11306793 0.09478038 -0.047966518 0.12512113 -0.56330025 0.09778876 -0.12516534 -0.22600104 0.18678978 -0.40522048 
-0.30663574 -0.5935071 0.11781449 -0.6319703 0.08688065 -0.04785895 0.002978416 0.08589683 -0.18494256 -0.124714814 -0.3838741 -0.029963499 -0.37698987 -0.46856946 -0.09879772 0.03711639 -0.114334606 0.15973434 -0.47387514 -0.3890487 -0.20615841 0.061683737 -0.092623726 0.29729944 0.41154957 0.08394587 -0.16879672 0.08745478 0.030503245 -0.30170923 0.15249562 -0.06560208 -0.21612896 0.029079331 -0.3107715 
-0.2091369 -0.22776023 -0.08506285 -0.32358488 0.0104443915 -0.12650186 0.023083234 0.113855086 -0.12921807 0.031016016 -0.3815762 -0.08694366 -0.39947322 -0.25678912 0.032906994 -0.20068803 -0.1309001 0.10811003 -0.3337279 -0.16094844 -0.10838734 0.12076538 -0.13331886 0.24296421 0.31647173 0.04807593 -0.09719659 -0.082704365 -0.1330135 -0.4641033 0.044148777 0.054507036 -0.10804988 -0.13582343 -0.32131425 
-0.5041483 -0.6276289 0.057733815 -0.73954254 -0.013113357 0.11768398 -0.031364776 -0.0056220023 0.103627026 0.058695946 -0.52750343 0.17437805 -0.5630175 -0.45920098 -0.05053645 0.09723232 -0.27044225 0.1466486 -0.5328435 -0.14193076 -0.38920718 0.09293584 0.17101742 0.40379727 0.7376498 -0.05970241 0.15053245 0.05575349 0.106364466 -0.25702465 0.059883606 0.16031772 -0.29932988 0.09028527 -0.34489426 
-0.4408535 -0.6807375 0.14873461 -0.63491243 0.14085886 -0.03138768 0.05043856 0.054664146 -0.02623206 0.09752683 -0.46623892 0.14630763 -0.63416183 -0.62725353 0.11394526 0.10102545 -0.30894315 0.01993725 -0.6006297 -0.2678305 -0.20568012 0.09102005 0.09979769 0.14729752 0.8773147 0.056655675 0.027400209 0.08389429 -0.09289582 -0.4626197 0.1210949 -0.09597921 -0.28750253 0.119293846 -0.27979425 
-0.3521524 -0.496826 -0.056975998 -0.6142962 0.18805933 -0.08622198 -0.03612449 -0.0076761036 0.037050124 -0.06413141 -0.3172833 -0.04420826 -0.29380754 -0.42335618 -0.060466886 0.18193693 -0.29390472 0.065382995 -0.43538746 -0.3276749 -0.105192505 0.023985634 0.17687535 0.14164038 0.516891 0.16236086 0.0047251657 -0.06227134 0.055600207 -0.4193724 0.13943584 0.039327435 -0.27754354 -0.015789118 -0.47296742 
-0.42460802 -0.70646447 0.035380684 -0.70870155 0.055983823 0.16373207 0.17807569 -0.07963324 0.21670154 0.17214076 -0.5109917 -0.0679376 -0.39918786 -0.79961026 0.105008945 0.20607257 -0.08102062 0.16671616 -0.63227093 -0.3253229 -0.4575136 0.12997043 0.009083384 0.46381947 1.0580261 0.15159191 -0.13176082 0.17733641 -0.040379453 -0.23978426 0.059113503 0.20782648 -0.048972305 -0.033855647 -0.47223395 
-0.5050736 -0.48526067 0.04728857 -0.8095081 0.03169441 -0.10528115 0.1399668 0.0677083 0.12466488 0.17143708 -0.48025438 0.15524198 -0.32425556 -0.7278683 -0.051212743 0.060068272 -0.016512653 -0.06448397 -0.426058 -0.38724375 -0.1900351 0.06461543 0.105314806 0.20469452 0.7166252 0.1906747 0.096078016 0.019842131 -0.12688863 -0.5721125 0.1602631 0.15027909 -0.1873916 0.094191074 -0.34329715 
-0.4712346 -0.358643 -0.10706984 -0.63419884 0.03339688 0.047918614 -0.070311315 0.124213725 -0.11527817 0.026602743 -0.53917706 0.006961553 -0.33388272 -0.43327793 0.051342554 0.18630697 -0.06663007 -0.006452761 -0.5595426 -0.20878182 -0.21957776 -0.10893006 0.2053704 0.43371376 0.75673246 0.0963734 0.0683333 0.19018416 -0.0708745 -0.5719653 -0.061282255 -0.07826824 -0.21448976 -0.10326692 -0.41861403 
0.0025237664 -0.2283404 -0.20239694 -0.26938885 -0.18141516 0.07587956 -0.094271675 0.046361096 -0.04995163 -0.0069722235 -0.14676687 -0.15121834 -0.19973923 -0.058587093 -0.19724765 -0.01851813 -0.20648313 -0.17519544 -0.41590333 -0.30159426 -0.03344924 -0.11001213 0.108373836 -0.067113735 0.20472942 0.090108596 -0.19148469 -0.0064997184 0.07058039 -0.23253825 -0.11386637 -0.116566986 -0.08690353 -0.088540465 -0.19271404 
-0.38525 -0.42519 -0.32903022 -0.30980495 -0.3918246 -0.6071551 -0.53929436 -0.38072902 -0.3370999 -0.32557395 -0.4803225 -0.48641565 -0.5135505 -0.4660629 -0.40438965 -0.39314607 -0.3996484 -0.445007 -0.5143353 -0.33909175 -0.45184088 -0.42753115 
-0.26951012 -0.09391106 -0.1566215 -0.4685595 -0.41892126 -0.5901105 -0.63560337 -0.03908215 -0.713863 -0.3603628 -0.4265802 0.15072478 -0.40810838 -0.4205114 0.010946237 -0.32002684 -0.45489132 -0.28219822 -0.6174029 -0.37179342 -0.23957941 -0.24490108 
-0.4947824 -0.32024515 -0.24874054 -0.40328482 -0.3811497 -0.50356364 -0.4153306 -0.28223073 -0.48789757 -0.28265598 -0.62706417 0.060421072 -0.47633025 -0.12477092 -0.16295137 -0.5765954 -0.2451096 -0.5106314 -0.33969298 -0.26171073 -0.4605002 0.008717115 
-0.48960912 -0.09768013 -0.15711342 -0.44008762 -0.44591066 -0.48696864 -0.3466412 0.01633488 -0.47870594 -0.40629348 -0.5317337 0.13733292 -0.28708205 -0.28689367 -0.06439718 -0.54625547 -0.53597355 -0.12820774 -0.6515486 -0.33486938 -0.36499524 -0.094453126 
-0.23006368 -0.04748157 -0.40225703 -0.6944991 -0.21872003 -0.68436277 -0.56652665 -0.15536633 -0.57814896 -0.42406246 -0.35847262 0.110029735 -0.510232 -0.14134915 -0.17798866 -0.12230573 -0.538391 -0.3058541 -0.41990143 -0.43233594 -0.44885302 0.13214985 
-0.44803712 -0.090431646 -0.51942176 -0.3884109 -0.16643311 -0.71239567 -0.43401435 -0.23692325 -0.6541318 -0.20145291 -0.45170173 -0.05297916 -0.45714128 -0.30530143 -0.09548894 -0.4488413 -0.33115688 -0.23927116 -0.5255719 -0.28327748 -0.16047366 -0.027547384 
-0.5538492 -0.10030153 -0.2660434 -0.45759177 -0.4928293 -0.6097491 -0.56382036 0.0033412236 -0.56682104 -0.24021372 -0.6439233 0.11403612 -0.31025973 -0.35182327 -0.18070474 -0.22640203 -0.26055977 -0.17118636 -0.3548046 -0.3606603 -0.15372038 -0.2189082 
-0.36717695 -0.232499 -0.5006531 -0.38753662 -0.12651537 -0.38558868 -0.58919847 -0.30443138 -0.46606427 -0.38451993 -0.6038131 -0.08014857 -0.20205964 -0.33213028 -0.40990156 -0.5384002 -0.40124467 -0.15271313 -0.2575757 -0.27399608 -0.4267801 -0.047613773 
-0.22203863 -0.015539991 -0.48702216 -0.40655264 -0.3083858 -0.4500886 -0.5602793 -0.27755275 -0.46479338 -0.3510331 -0.4120554 -0.010890043 -0.47784522 -0.4552105 -0.061608993 -0.32683885 -0.32868072 -0.46642065 -0.52845657 -0.50399077 -0.50281143 0.07401236 
-0.45977286 -0.22577214 -0.4718772 -0.35167736 -0.25082114 -0.3540984 -0.4144203 0.055832054 -0.44528833 -0.3513689 -0.6375066 -0.1777714 -0.19361728 -0.06262592 -0.27303576 -0.43722504 -0.5458003 -0.3815206 -0.3008357 -0.23147908 -0.38650316 -0.20133543 
-0.30322447 -0.21016221 -0.48254934 -0.6789265 -0.27584657 -0.54626125 -0.30860132 -0.07257634 -0.42499474 -0.47913194 -0.50999767 0.058894128 -0.5072075 -0.2641717 -0.21895717 -0.28953794 -0.34536454 -0.22170486 -0.57872593 -0.5466754 -0.16353863 -0.17341985 
0.021769485 0.056108728 -0.08692663 -0.043032892 -0.03577106 -0.14156352 -0.012008962 0.06215472 -0.14541356 0.06038676 
-0.563954 -0.23994258 -0.30403975 -0.48723045 -0.38053405 -0.32190058 -0.6349443 -0.39551413 -0.15522335 -0.49674606 
1.576795 1.8165004 1.7630439 1.6622274 1.6874979 1.7053769 1.3818597 1.6927769 1.7930202 1.6109697 
-1.0911583 -1.8914554 -1.4262967 -1.4344401 -1.3320385 -1.3909912 -1.1478105 -1.2384806 -1.3767058 -1.1381141 
3.884197 0.4966624 -4.8338284 
