42 35 22 10 3
1
-0.26004964 -0.06861855 1.2770536 -1.4160104 -0.48806834 -0.22418122 0.54860586 -0.84386754 0.36925942 -0.7240261 -0.7955391 1.261556 0.37875503 1.7849717 -0.71256053 -0.43162423 2.8252637 0.75916344 1.2206932 -0.429384 -2.1370502 -2.9722314 3.2836735 7.22255 0.08121943 -3.8218558 -3.7632957 4.6850643 -0.94315964 -1.2505317 0.48951173 -2.2869697 -1.2696117 -1.3866447 -0.0370319 0.6489624 0.86623716 3.5838044 -4.2590275 5.1536436 0.32247406 0.6811239 
-0.13448061 -0.24766658 -1.3087351 -0.396034 -0.216235 0.23686372 0.31952235 0.8120317 -0.35526305 0.4654505 -0.5059895 0.46050447 0.42678055 -0.2359863 0.35654882 -1.2787113 0.86288327 0.35667816 0.1957782 -0.20951271 -0.22808217 -0.26057708 0.6152435 -3.9335985 0.0072463034 0.9733488 -7.1037498 3.4721045 0.6102442 -1.6528549 -1.5268766 1.3296156 0.7364237 2.3823488 -1.0396736 1.3745601 -0.22669806 0.0065302853 -2.4804132 -0.55610305 -6.131952 -2.9972813 
0.047053404 -0.11974641 -0.18972766 -0.076885045 0.02411943 -0.023264315 -0.09296299 0.23575091 -0.2174798 0.05902957 -0.56110054 -0.24758485 -0.18018301 -0.2319511 0.5388528 0.18365492 -0.45165646 0.38571355 -0.17864642 -0.09671385 -0.17681171 0.018659357 -0.84026027 0.10259447 -0.4573142 -0.36916053 -0.8366274 -0.32613197 -0.5512085 -1.0010471 -0.28599092 0.8042269 -0.0010312948 -0.54085803 -0.45195025 0.21480492 -0.89356136 -0.05667547 -1.1960639 -0.31487948 -0.29035065 0.0025873634 
-0.12101903 0.36439472 -0.21065964 0.3073933 0.19892119 -0.32922626 -0.20945238 -0.5334021 1.2409925 0.026592145 0.39969882 0.26832452 -0.0539809 -0.33183163 0.6210151 -0.28436548 0.7591953 -1.6226294 0.31264186 -1.0565727 -0.08862813 -0.08727144 1.066448 -0.97746146 0.2959405 -0.066447526 2.9971938 -1.330044 0.07910362 0.42828542 0.38125587 -2.0776043 0.96271294 -0.26722196 0.21415985 -0.76730675 0.81607264 -0.39476112 -2.0097282 1.2389586 -1.7840979 -1.2442759 
0.1130064 -0.69534963 -0.5724515 0.89951795 -1.1637766 -0.6447295 -0.25662848 0.005856852 0.29018214 -0.92022383 1.3995862 -0.20077345 0.6910234 -0.3433748 -0.42723316 0.7775583 -0.022121295 0.11053996 -1.8051195 -1.078141 1.9835569 2.6059167 -0.105375804 -2.8131874 -1.1437078 -2.4330068 2.6776445 -1.5490385 0.8660338 1.7161181 0.5658654 0.055346508 1.6257774 -1.8941593 -0.5290498 1.2654816 1.3688054 -1.675548 -1.9044883 1.3230349 1.1272075 1.1098629 
-0.47259617 0.88283014 0.13965002 0.021916542 -0.7432956 0.41995138 -0.11909839 -0.30720177 -0.11463136 -1.0028427 1.2223214 -0.6513767 -0.12606657 0.034942947 1.0595387 -1.5788819 -0.95260966 0.50941247 1.2201833 -0.1563782 0.67644095 -1.904092 1.628596 3.1773689 0.5253462 -5.43581 -0.26310554 0.22595562 -0.23722029 -0.20310497 -1.9771776 0.9183176 -2.7495823 0.17731068 -1.2381859 1.1520207 -0.29035047 0.04707295 2.0898275 -0.9940137 -0.041361816 -1.4964767 
-0.19855727 0.10336141 0.47578332 0.43330848 0.8236714 0.029119376 0.7495367 -0.3907552 -0.58056223 -0.33253694 0.14957601 -0.20551763 0.053984832 0.30635488 0.10040953 -0.24974254 0.39281824 0.50221825 -0.20848863 0.37157738 -0.6882253 -0.33442864 0.28125188 -1.6505859 -0.6914403 0.7846403 -3.1631844 3.712038 -0.6462914 -0.1166836 -0.77980405 -0.6145213 -0.9748903 0.51863104 0.31375954 -1.083526 1.3503197 -1.4636481 -2.5859213 -0.27125892 0.12539746 -1.1872383 
-0.16230288 -0.14172408 0.598449 -1.3476051 -0.74977297 -0.636468 -0.37939122 0.34269047 1.0797441 0.71024656 0.22699708 0.4294398 0.2502574 -0.41405588 0.039363287 1.0624533 -1.0000998 -1.5726951 -0.25758186 -0.1852609 1.293589 3.2257867 1.7156514 -3.0831087 0.8133106 -1.6445101 -0.55538845 1.7845138 0.46596622 0.8504222 -0.85541785 -3.4569526 1.6844538 -0.47192362 0.33898857 2.485804 0.3794587 -1.666588 1.7878627 0.83609164 0.51459265 1.9220016 
0.30575007 0.46060246 0.08028149 0.03395044 0.5348716 -0.56117094 -0.5167189 0.13332139 0.3573808 0.10625766 0.10942545 0.41909033 -0.014291571 0.330406 0.2527702 0.81238645 0.45215654 -1.1941868 0.52512246 -0.41372162 0.06469181 1.3682135 0.013429526 0.35987693 0.08297034 1.484161 1.8082812 -0.4458533 1.3703728 0.6446197 1.1443684 -2.112623 0.22993734 -0.16336086 0.0019271662 -1.3191633 0.7920783 -1.6588367 -1.648325 0.66317695 0.038752362 -2.8848145 
0.19736686 0.016811682 -0.14215724 -0.31674176 -0.44483703 0.061518364 -0.06863497 0.06427601 0.42226517 -0.54155666 0.19808546 -0.31799465 -0.20904508 -0.064551026 0.2681899 -0.07112637 -0.07652166 -1.3060783 -0.44481716 -1.0505021 -0.6998898 1.0777102 -0.11451652 -0.65302086 0.7258484 -0.31931475 0.20498137 0.049761087 1.0164673 -0.30939117 1.025999 -1.5175579 0.5059022 0.26430768 -0.52598006 2.3271203 0.71903527 -0.2570394 0.91412395 -0.6887641 -0.876354 0.5091457 
-0.5708233 -0.5547675 -0.19610554 -0.17708555 0.34025168 -0.21136929 0.16622226 -0.4642964 -0.5286026 0.16030997 -0.1500956 0.22936495 -0.88756645 -0.180835 0.68754214 0.5847943 -0.11324886 -0.36208722 -0.124897465 -0.0964314 -0.2692712 1.0081999 0.16025439 -0.3036906 -0.3072267 -0.097021684 -0.20185862 -0.4835823 -1.0941398 -0.5045897 -1.5388165 -0.76250744 -1.9073995 0.35842738 -0.5272703 0.7888053 -0.5972226 0.73908216 -3.6273677 -1.8958318 -0.70417356 0.541407 
0.14569378 -0.06312741 -0.17881538 0.013358622 -0.1401165 0.29155943 0.11979835 0.49824852 0.29047072 0.05660847 0.4974359 -0.23070084 0.10667194 -0.24134044 0.035038203 -0.23976375 0.6651388 0.7725452 0.06052391 -0.55210197 1.3644994 -2.1697054 1.6100668 0.1076021 0.61478186 -2.6169631 -0.14243588 0.666116 -0.48270214 0.26552898 -1.8525454 0.92478555 -3.8212745 -1.200474 -0.9273587 -0.8197769 0.28625217 0.070627615 1.268463 0.4821717 0.8193319 -2.390904 
-0.012847192 -0.13654394 -0.19511719 -0.11192511 0.04764652 -0.2779947 -0.14048363 0.041524123 -0.016241983 0.30288154 -0.36311293 0.3431714 -0.23145223 -0.588106 -0.24425274 0.2323025 -0.5804818 2.092512 0.61320496 -0.8707231 -0.66701543 0.18635267 -1.8802459 -1.1743395 -0.2729097 -0.67129976 -2.9825187 -0.3321113 -0.18213886 -1.2014766 0.51550436 0.5891533 -0.86366236 -0.24251255 -1.1054629 -2.1578832 0.093980074 -1.0358305 -1.0232357 -0.81419694 2.2686808 -1.7883217 
-0.2545753 -0.2696598 -0.3621031 0.017785389 0.10028126 -0.070789166 -0.17486537 -0.5415749 -0.59534645 -0.12130275 -0.119758606 -0.05369821 -0.24181363 -0.42759013 0.27299494 -0.16575545 -0.17125379 -0.24654919 -0.14776827 0.45130703 0.06227297 0.15156004 -0.20469296 -0.30072048 -0.44815013 0.3591379 0.2516378 0.15500538 -0.56958723 -0.3599121 -2.0939393 -0.9923082 0.38127202 -0.48327708 0.06872839 0.83041686 -0.10637569 -0.027050298 -2.9653387 -0.6336962 -0.53735954 0.08667995 
-1.2528265 -0.56752366 0.32461864 1.3817016 -0.61435735 0.041679047 0.41940486 -1.4845389 -0.04254245 -0.77527404 -1.2737246 -0.4053812 0.08004463 0.8470809 -1.4645964 0.92840135 0.032934345 -0.024702713 0.1945112 -1.7143369 1.5465893 0.4526706 2.268709 -0.07698797 0.13755706 -0.63447416 1.2983979 -4.138153 -0.7351256 0.5591556 0.25105706 0.1641343 -0.52231413 0.51933324 3.315052 -1.9006567 -1.6910366 -0.21006773 0.77984697 0.39434367 0.8166756 6.7218223 
0.19497785 -0.38953617 -0.4988227 -0.06943441 0.012848652 -0.8767898 -0.45343772 -0.64862233 -1.1719106 -0.47893193 0.29205766 -0.58642113 0.054121897 -0.7594233 -0.4806201 -0.16698392 -0.16319412 -0.9300813 0.20704702 0.14599277 -0.61171603 -0.23837943 -0.3165782 1.0871017 -0.32189342 -0.67860377 -0.7572395 -1.2281846 1.1362985 -0.2956875 0.26329902 -2.7376094 0.8221436 -0.80980366 -1.3661207 1.5459161 0.61136776 0.40634787 -2.9490275 0.63814086 1.3565426 -3.172083 
0.2529466 -0.29694206 0.40446636 -0.6820638 -0.7305702 -0.52852446 0.46731305 -0.4665835 0.16314334 0.37769806 1.4883165 0.29657173 0.7424881 -0.09445263 -1.6519405 -1.181172 -0.78947425 0.58548146 -1.0735422 -0.7039668 0.94424933 -0.8350583 -1.838134 -4.8806515 -1.2955029 -4.896663 -1.8135029 0.15501711 -0.9582715 -0.042006332 -0.036052316 -4.293083 8.284282 0.7763614 0.66849333 -0.285951 1.5690753 -2.6413574 -1.2498152 0.016305806 6.5446677 0.6002896 
-0.5566138 1.0237702 1.245145 1.0253984 -1.516171 -0.521168 -0.0138594275 0.06609152 1.4615487 -0.31556523 -0.42518318 -0.65265495 1.0498484 0.9734779 0.7104425 0.5305833 -1.174106 0.2886292 -0.67504746 1.8361117 -0.08326741 0.700104 1.7359338 6.5533605 -0.045817792 -7.7394886 0.08038167 1.3082296 -0.16187197 0.4985887 1.1541988 -0.40720806 0.4969572 -1.1514009 -1.2911218 0.6414701 1.3993876 0.07253423 1.3079184 0.82911086 1.6678483 1.0999241 
-0.1513505 0.8233615 0.35267985 0.4891643 -0.11175737 0.2528045 -0.019650586 0.3849327 0.8126314 0.7026765 0.89455044 0.38019112 -0.7265589 -0.34955692 0.08741461 -0.035374243 0.40224752 0.06364021 0.34033552 -2.7424078 -0.5604801 -1.4736724 3.5967548 -1.4761218 2.4734993 -0.9695544 0.4221909 -2.0648599 0.214899 0.35848156 -0.37586212 4.20775 0.70907617 -2.3158236 -4.536597 -0.4385346 -0.85109156 0.7154176 4.688751 1.2158669 -5.648162 0.55611557 
0.98538655 -0.47529438 0.3242698 -0.15646653 -0.03968043 -0.9166521 -0.8278743 -0.7538411 -1.328299 -0.7150108 -0.19554235 -0.184423 0.7229977 -1.4499851 0.23945047 0.7260049 0.46263316 -1.2578149 0.6601706 1.3800228 -0.30628377 0.7049116 0.2939348 1.2081599 -1.7641484 -0.6496507 -1.8116306 0.7469016 -0.49906915 -1.7867769 3.4308012 -2.3493304 3.4161294 0.2993231 -1.018101 -0.8161935 -0.6622062 -0.067596234 -0.14929153 -1.2702575 -1.5594445 -1.2675364 
-0.45302677 -0.6211223 -0.15025425 -0.08369552 0.54749495 -0.15253918 -0.058731128 -0.332858 -0.8725097 0.1336763 -0.6271045 0.19576941 -0.35068217 0.5640942 -0.43781146 -0.42652014 0.49614546 -0.82931286 0.50601107 1.2516363 -0.3044779 0.57698864 0.25632778 -1.8720384 -1.2985578 0.8630711 -3.7300377 3.714635 -0.72826886 -0.22194937 -1.2472891 -2.0350244 -2.984698 3.277773 0.8227974 -0.67260635 0.042542573 -0.9075461 -4.4621935 0.33033657 -1.3818121 2.2580907 
0.632254 -0.011000001 -0.79530495 0.0701654 -0.6921019 -0.56221944 -0.56809264 0.5401367 -0.110526696 -1.1948787 0.69635534 1.5669158 -0.6739257 -0.5510765 -1.0773909 -0.8364563 0.16162342 -1.5376335 0.38159227 0.6109649 -0.2672637 -0.7513623 -0.21610177 0.69153225 0.60308975 -0.30829275 1.2512792 -0.1565414 0.76393497 -0.37732652 -0.7716553 -1.4248372 -0.48919404 0.5880049 0.4707894 2.4249368 -0.68359184 -1.4520034 -4.1459994 -0.09367848 -0.88992083 2.7379317 
0.36946285 0.094712414 0.66241527 0.11257801 0.6618601 -0.34758827 0.22461852 0.21846305 0.42768973 0.16347227 0.17558306 0.6074031 0.1909702 -0.0028870655 0.12669402 0.2910061 -0.077523954 -0.86694115 0.07065924 -0.48957834 0.30139866 2.6136105 -1.1958652 -0.82445574 -0.2283598 -0.120070875 -0.0111734625 0.78965336 2.0394497 -0.83743566 1.0422634 -3.7508488 2.3722892 0.57553494 0.18847255 0.8545527 -0.1193531 -0.35825232 -2.7977622 -1.0704973 3.9986837 0.41370323 
-0.017695904 -0.10263266 0.06109047 -0.22366577 -0.054017965 -0.06615491 -0.08390547 -0.16022922 -0.23655762 -0.09164888 0.25428057 -0.24089313 -0.34211075 -0.36720583 0.28191817 -0.24592091 -0.26120386 -0.4357792 -0.22620593 0.09832592 -0.21546589 -0.34000194 -0.016459588 -0.69897455 -0.10298983 -0.60453784 -0.21736255 0.21034606 -0.68824786 -0.48046574 -1.0317497 0.54867584 -0.10950869 -0.8942945 -0.1667965 1.4646361 -0.6007637 -0.44738632 -1.9086169 -0.34479892 -0.7751305 0.8120434 
0.020072049 -0.4100982 0.044359963 0.3237934 0.2784448 0.25441352 -0.07100176 0.7313002 -0.5562979 0.22993425 1.4266078 0.558436 0.09749667 -0.55872303 -1.3086145 1.2461636 -0.1345728 1.8682623 2.471543 -1.5974162 0.90077466 -0.013355505 1.2450156 -3.0936325 1.0304697 -2.8102229 -0.052893292 0.56929255 0.41332847 -1.0566822 -0.07989586 2.760445 1.8062943 -4.2894297 -0.69634926 0.44469664 -1.4650512 -2.9557598 3.0836806 0.3745341 -5.08812 -1.5212426 
-0.3403873 0.269272 -0.0095496895 -0.64272046 -0.4244053 -0.6991213 0.042627774 0.16542694 -0.68659455 -0.79844767 0.46062082 -0.026641695 -0.42248774 -0.07302439 -2.01447 -0.9098962 -0.5555432 -0.18521218 1.5937458 0.05518817 -1.6218086 -0.9613639 -0.1490802 -1.9271992 1.0875387 -1.2787219 1.6239251 -3.955901 -0.1356094 -0.47763786 -2.0803058 -0.7220103 -1.6291485 -3.4230988 0.07128265 1.7280855 2.2988288 0.6462532 -0.092787676 -1.810962 -0.2456432 1.4084363 
1.2034224 0.2544656 0.20812958 -1.6434227 -0.55934685 -0.0074453987 0.27780828 0.8197605 0.31881773 -0.20709914 0.5384489 2.0035195 0.6067532 -0.47290698 1.3258126 -0.87891054 0.29613268 1.4974473 -1.6357499 0.019939907 -0.74661815 0.047675777 5.517754 -6.3654037 0.9621038 -6.991755 3.4058588 0.6825579 -0.42401543 1.6516945 -0.6376322 0.96736693 1.4845994 -1.0693347 -2.8034103 0.01277087 0.5161757 0.6443675 5.437237 3.183822 -1.1195489 -0.56517535 
0.15745953 -0.50612295 0.13334031 -0.31370464 -0.30069804 0.3507571 -0.038917717 -0.32333586 -0.09398639 -1.0205386 -1.7620435 -0.12940714 0.42612013 -0.24694446 -0.5102229 2.0074797 -0.6690121 1.0648202 -1.4859395 0.10976756 0.24365081 -0.72877514 -2.1161628 4.2760262 -0.9332832 6.3002315 -1.5049847 -2.734158 -1.6241212 -1.3554455 1.427479 -0.17768572 -2.3031158 0.06336839 0.5018324 -1.7655656 -5.4715075 0.67820525 -1.6687106 -2.7304916 -0.45004493 -1.7044792 
0.23572937 -0.7103997 -0.52204806 -0.31093597 0.5919628 -0.32995045 0.5911358 0.040539987 0.35955778 -0.19406037 -0.1561968 -0.17862 -0.54543054 0.061479576 0.7433848 0.97416574 0.40244424 -1.6745925 0.7969337 0.6916015 0.2657832 0.41234612 3.127317 0.27321687 0.7256562 0.17871019 -0.04232976 -0.28759423 -1.2294227 -1.4144409 -0.6916684 -0.10197295 -1.1448429 1.4233037 -0.14593144 -1.0245129 -0.97567934 0.8915401 -1.4479257 -1.2541615 -1.4801606 -1.1225301 
-0.8029082 -0.34295955 0.92020553 -1.3885658 0.054726403 -0.2715623 -0.27711788 -0.9380695 0.51621133 0.4966024 -0.5926619 -0.5657496 -0.122289196 -0.094329454 1.5487189 -0.015379622 1.0594457 -1.6010588 -1.160666 -0.62998474 0.5918371 1.5830543 0.7427818 0.39992616 0.41584104 -1.4571174 -0.70700806 1.6879888 -0.56725097 -1.0239557 0.49357927 -1.3105438 0.7767808 0.4281275 -1.0254402 -0.9907003 0.052063428 -0.9837719 2.554083 -1.0626876 -1.1157807 -1.4514201 
0.1587491 0.56860125 0.2696077 -1.1453947 0.34891453 0.86884594 0.21959214 0.092746176 0.27192017 1.3198099 0.8129481 -0.8052554 -0.49096644 0.06508876 -0.18722786 -0.45117304 2.1435244 -2.9287813 3.2912672 1.4876539 -0.56937826 -0.06656197 2.4155693 -2.9587448 0.1715998 -5.227261 -0.66307914 0.16479026 0.7401262 -0.22347347 0.42580768 -1.0435462 2.1399837 1.7957916 1.3529017 1.6339425 -0.76621777 0.43285266 1.1619295 0.82674825 2.6505036 -0.5875225 
0.048024923 0.10646532 -0.5476689 -0.500722 -1.0389365 0.07037408 -0.050003845 -0.07701152 0.5387589 -0.8033554 0.6770274 0.431492 0.23179327 -0.09949237 -0.6660236 0.024315072 0.4253227 -0.3632445 -0.18898997 -0.83751076 -0.044497155 1.1761036 1.1377844 -1.1979305 0.5220237 -0.041319933 0.120073125 -0.340717 1.2435277 0.62517196 1.7742976 -2.0794983 -0.5423184 -1.0528153 0.34910837 2.184805 0.023264077 -0.9172764 -0.5778307 1.2003394 -0.7126703 1.612943 
-0.090802096 0.30763993 -0.18746391 -0.67765754 -0.41431546 -0.41544342 -0.6245623 -0.119839266 -0.1858825 0.37527704 -0.6114756 0.41637418 -0.28739297 -0.11305528 -0.59236103 0.6272129 1.0945003 1.3217348 -0.6379968 -0.3605885 -0.072208256 1.6966118 -1.2830724 -1.936232 0.17074995 -2.4565198 -0.09269853 -0.8371995 -0.3515969 1.2440048 1.4264889 0.45435834 -0.64167696 -0.27384642 -0.65343386 -3.9460893 0.55200505 -0.23700415 -0.43282592 -0.40394744 -0.0011364645 -0.8938776 
0.28292534 -0.18491001 -0.012129806 -0.29639477 0.38600236 0.29729387 0.74757916 -0.70753324 -0.46654445 0.12831458 -0.55638677 0.3276943 -1.4386102 0.2555222 0.6990596 -0.040036835 -0.04154337 1.1888579 -0.7915097 -0.33404064 1.7786839 -0.038588945 -0.3736576 -0.07125151 0.4267002 1.1873457 0.9415466 -1.7077861 -0.52327263 -1.4141238 -0.5695083 2.521951 -0.202514 0.014914707 2.9589343 -3.2427251 -0.21980259 1.7690314 3.4287605 2.0222661 -0.38788396 -2.6762164 
0.09647996 -0.2931374 0.30534258 0.3874038 -0.39985636 -0.16122533 -0.13465488 -0.32711282 -0.0733304 0.30649322 -0.067788154 -0.725465 0.21030742 -0.33286965 -0.6117515 0.2793056 -0.604554 0.7766713 -0.4473677 -0.21917015 0.9300463 -0.406103 -1.9701748 0.24290442 -1.0064993 -0.97426087 -0.14857577 0.35000202 -0.20537609 -1.1063702 0.40522683 -0.03552058 3.1225622 -0.104565814 -0.4313991 -1.245214 0.07684158 -0.6258862 -1.1639396 -1.1796006 1.1835303 -1.7624936 
-0.042330556 -0.214301 1.1760536 1.1299198 0.64069575 1.2415018 1.0502838 2.1858768 1.5854275 1.8598212 1.3384756 -0.31016922 1.4150406 1.0157851 -0.3388333 2.7944767 -0.53326803 1.8263698 1.5452363 0.11127255 -0.24287638 1.1928304 0.80169934 1.1162758 1.7594905 1.2370077 2.9828324 1.5265691 1.2578939 0.6709734 -1.3860114 1.1707463 1.7757281 2.4883876 0.2678997 
-0.07409629 0.21109812 -0.17378096 0.038801454 -0.062250167 -0.20850915 0.07971027 -0.30112243 -0.16237333 -0.25188074 0.0506968 -0.28454757 0.107262164 0.10183253 -0.49959955 -0.11993223 -0.038661614 -0.04708979 -0.19043462 -0.18055207 0.082946196 -0.053637665 -0.2036495 -0.004801055 -0.046057638 -0.07390928 -0.40197307 0.045848563 -0.012955057 -0.12760377 -0.44421086 -0.029774219 -0.16723156 -0.52279574 -0.21439883 
-1.9925146 -2.0545475 -0.8477644 -1.3365581 -0.81765246 0.6665264 -1.5012606 -1.8618895 -1.2662287 -0.78165686 -0.6001096 0.9600228 -1.4528724 -0.39937735 1.3193922 -0.9447815 -1.66834 -1.5933933 0.8123933 -0.14271455 -1.6922593 -0.63807666 -0.8597435 -0.9195072 1.459499 -1.9381565 1.3071489 -1.4743575 -0.8205413 0.6765904 0.84410405 -0.6524249 -1.1812586 0.824101 -0.7089089 
-1.9122919 -2.8837876 -0.9437161 -1.2467351 -1.8174376 1.069152 -2.2763257 -3.170866 -0.972712 -1.7861065 -0.94524133 1.9087617 -1.924773 -0.44468158 1.8783139 -1.2952647 -3.529412 -1.9533743 1.3264378 -0.36510023 -2.4932797 -0.811548 -2.063414 -1.2144382 1.9886231 -2.652264 2.698505 -1.8361757 -1.3056524 0.12735344 1.1806015 -1.371599 -1.7268 1.156639 -1.1046171 
-0.8132426 -0.5891419 -0.2925898 -0.2342922 -0.34450457 -0.15739246 -0.18379664 -0.29952863 -0.43842188 -0.08114702 -0.10826599 -0.2617425 -0.21473563 -0.1366088 0.22783321 -0.112127796 -0.19794387 -0.7486918 0.13345349 -0.002886942 -0.35614267 -0.53750026 -0.13237354 -0.31754428 0.1017557 -0.5545682 -0.19631365 -0.3455367 -0.14263481 0.01379017 -0.08201362 -0.42641807 -0.23314936 -0.11663746 0.00042676917 
0.9485872 1.2328714 0.12591793 -0.14537948 -0.26976556 -0.40055183 -0.17684987 -0.15923858 -0.54482603 -0.44264868 -0.5639711 -0.045823064 0.23934226 -0.49122617 -1.1799346 -0.7592976 -0.11682291 0.6266821 -0.039938875 -0.5722651 0.41488686 -0.61900955 -0.992933 -0.2970705 -0.08870663 0.62149996 -0.53855866 0.9996922 -0.30987972 0.00509344 -0.9445073 -0.30198702 0.35540855 -0.3867061 0.11806458 
0.22844051 0.10612905 -0.076237224 -0.35931867 -0.17898534 -0.36055684 0.016986294 -0.23522182 -0.45851427 -0.26821527 -0.39530724 -0.17068672 -0.047484305 -0.29332396 -0.5719244 -0.22342017 -0.13657248 0.2863392 -0.44649413 -0.37674057 0.15390939 -0.10325599 -0.3584397 -0.0036812609 -0.30754966 -0.0025175528 -0.34917545 0.20530592 -0.18496016 -0.30652523 -0.5657851 -0.13955948 0.0030262934 -0.30604047 -0.24213894 
1.9515511 0.059513632 -0.20955475 -1.0451428 0.61228323 -1.3366581 -0.36087206 -0.3055002 -1.6355126 -1.2474947 -0.92420423 -1.3272648 -0.61193293 -0.9385651 -0.52168626 -2.1613784 1.328183 0.96321183 -0.00053263525 -1.2187927 1.4227049 -0.30999106 0.20243171 -0.35891598 -1.8356217 0.58719015 -0.27255312 0.7220034 -0.91851485 -0.5947915 -1.3238846 -0.47311917 0.63529736 -0.30700547 -0.6078913 
-2.1153903 -2.564303 -0.9497824 -1.1971824 -1.2893329 1.1427786 -2.022756 -2.5246599 -1.2036076 -1.2291201 -0.69504577 1.6478767 -1.9279108 -0.58549 1.545953 -1.0361016 -2.7871785 -1.8291981 1.096236 -0.13925919 -2.1668584 -0.72274214 -1.3442209 -1.1515754 1.8703034 -2.5337613 2.1346931 -2.1390622 -1.1966251 0.6432998 1.0456334 -0.9718975 -1.6405145 1.0452551 -1.1235448 
-3.1685514 0.6681483 -1.2070467 -0.8781202 0.15232334 1.2679803 0.56203926 1.3187411 0.158255 -0.065111645 -3.3643622 2.3606148 -1.1525054 -1.5692439 -1.3636707 -2.360086 0.4861049 1.5283314 1.3474504 -3.2149174 -2.0996618 -0.35072795 -1.3764384 -1.4448534 1.5737838 -0.3537672 1.3331639 -1.2860163 -2.5976923 0.9727975 2.2254667 -0.5151468 -0.049937155 0.4875286 -0.7761744 
-0.9538061 -0.8915317 -0.38043272 -0.4413446 -0.47135362 -0.004615876 -0.5252886 -0.82957023 -0.6153494 -0.5293379 -0.2403473 0.08376454 -0.32392535 -0.090425454 0.49301028 -0.41409135 -0.44220906 -1.0185685 0.5355169 -0.11549753 -0.84378666 -0.49976912 -0.42375314 -0.5239813 0.29543996 -0.9522636 0.16558023 -0.54231316 -0.3519634 -0.10304432 0.29808462 -0.43566683 -0.40936005 0.16772011 -0.02278611 
2.1339264 2.1137831 0.08156294 -1.0321132 -1.37234 -0.39110094 0.514761 -1.8809001 -1.1902142 -1.7666354 -0.37011358 -0.32603386 1.2624185 -0.61394364 -1.2862514 -1.2971171 1.7129812 0.9423572 -1.4370427 -1.6751852 1.1643089 -1.4734944 -0.6400315 -0.37163728 -0.88056856 0.5800185 -1.7989494 1.6507424 -0.1581231 -0.14819236 -1.0542574 -1.812764 0.9072521 0.49222094 0.7340845 
0.46221069 0.017566668 -0.37696603 -0.3770493 0.2459112 -0.5233142 -0.45415935 0.048559148 -0.53910774 -0.20125002 -0.6130183 -0.3150824 -0.46414915 -0.70029044 -0.68881536 -0.52682316 -0.06739708 0.3309607 -0.48803663 -0.69145197 0.069887854 0.4526224 -0.106967516 -0.389242 -0.48867434 0.3793177 -0.112754636 -0.12750717 -0.45776644 -0.5026736 -0.3541544 0.23831473 -0.15902902 -0.9434679 -0.42086026 
1.1015128 1.6430093 0.29194683 -0.24789698 -0.41098276 -0.080643095 0.65448195 -1.3294142 -0.015070549 -1.6482605 -0.8326107 0.53666323 1.0740864 -0.36134884 -1.6568018 -0.91403943 1.2817012 1.0903933 0.14622441 -1.1401193 0.31120518 -2.1544168 -1.488419 -0.69909394 -1.6136817 1.113316 -0.29862228 0.8332396 -0.068143986 0.057463855 -1.1724321 -1.5341752 2.1496933 0.9885752 1.2853563 
0.99136573 0.9458552 0.06183 -0.43689287 -0.54007196 -0.47321758 -0.26873413 -0.30993852 -0.52609783 -0.60777617 -0.28144473 -0.22250144 0.13688773 -0.3006965 -0.92449445 -0.5453138 0.1547653 0.3373254 -0.5421772 -0.574303 0.42674288 -0.36928412 -0.7405344 -0.29686743 -0.19372968 0.37096858 -0.5949389 0.8005625 -0.39997452 -0.3496388 -0.60593927 -0.562989 0.14436112 -0.29293507 -0.0846772 
1.7464825 1.6235725 0.16070601 -0.58795357 0.13912041 -0.30787835 0.2208317 -1.0973711 -0.6696142 -1.5822746 -0.6151514 -0.33729184 0.523055 -0.5960989 -1.2728182 -1.1956593 1.3148282 1.062873 -0.29898044 -1.2512507 0.4153229 -1.1825104 -0.61486137 -0.5926486 -1.4621451 0.60113484 -0.5577275 0.72679347 -0.41956687 -0.4649267 -1.1007501 -1.1146417 1.3221854 0.37647074 0.6065678 
-2.712032 -2.135243 -1.688126 -2.6359916 -1.2594463 1.2775035 -1.2638268 -1.4677786 -2.159144 0.3890716 -1.0516388 0.123478375 -1.826209 -0.92569727 1.8964076 -1.4610366 1.4035487 -1.8743378 0.3307721 0.79646087 -2.023863 -1.8683616 0.63198054 -1.7982458 2.164348 -2.052856 0.7652558 -1.6521854 -1.2512403 2.711404 1.705504 -0.7623584 -2.5510132 0.789472 0.0725871 
-0.2370781 0.85023314 -0.09115218 -1.1251537 1.3309315 -1.3135808 -1.8945478 0.6623983 -1.9475013 0.69376814 -1.2429146 -0.7166076 -2.2373538 -1.3862977 -2.68409 -1.5645967 -0.88272667 1.1567413 -0.59468985 -0.53249484 0.55205363 2.8872564 1.201067 0.050579708 -0.82942575 1.3278539 0.48694396 0.3884876 -2.3377566 -1.3641765 0.5470339 1.3330956 -1.0859329 -3.7673507 -2.1634288 
-0.89440846 -0.65145755 -0.16987386 -0.3109633 -0.21160644 0.03149293 -0.42830727 -0.61999685 -0.26196927 -0.44656885 -0.21814395 -0.030268423 -0.43606207 -0.15884545 0.29366904 -0.20505594 -0.22901417 -0.62255234 0.21813121 -0.10015741 -0.3564316 -0.38209558 -0.3518047 -0.30488318 0.15902647 -0.6401806 0.01495638 -0.49416953 -0.12771216 -0.11614965 0.024811346 -0.550381 -0.24118088 -0.05805262 0.036686257 
0.79082775 0.4790402 -0.054599468 -0.58063805 0.11053148 -0.5537348 -0.10197747 -0.0577202 -0.65705854 -0.58459044 -0.67598253 -0.5703785 -0.33072305 -0.66061676 -0.61498207 -0.7518553 0.084002115 0.6294199 -0.38239115 -0.762483 0.37677285 -0.12708272 -0.17453207 -0.16638066 -0.5645664 0.22834332 -0.35706398 0.41040444 -0.6207111 -0.47767958 -0.76587725 0.0648935 0.038069308 -0.37648597 -0.20592462 
1.0902289 1.0322734 0.3473683 -1.0866599 0.68885064 -0.7382797 -1.0146437 0.34231684 -1.6139225 0.09631362 -1.3038571 -0.801177 -1.0098279 -1.0149248 -2.5759199 -1.3073434 -0.38441375 1.2242013 -0.14918119 -0.31895384 0.10845245 1.093685 0.10698306 -0.13920693 -0.6060857 1.0523721 0.3825394 0.8184219 -1.4974304 -0.92741024 -0.6539783 0.7745042 -0.09403798 -1.4603406 -1.1456139 
0.96206117 1.1670879 -0.042271797 -0.11238271 -0.29657605 -0.385202 -0.3049245 -0.23288225 -0.5069211 -0.33849177 -0.34923458 0.05227615 0.13109641 -0.5404923 -1.008307 -0.46907648 -0.0757053 0.5067799 -0.19158535 -0.48347795 0.29915452 -0.4216427 -0.96431524 -0.15023628 -0.14806183 0.51869994 -0.56015503 0.8134869 -0.3407615 -0.03888674 -0.94765645 -0.50229144 0.19776963 -0.36818185 -0.062279753 
1.5298603 0.032904156 -0.43085665 -1.0401417 0.46858084 -0.9604956 -0.17328863 -0.49219862 -1.203148 -1.2541654 -0.67821884 -0.8223692 -0.512073 -0.85751706 -0.49964905 -1.3830562 1.092538 0.7675778 -0.5075327 -1.022647 0.60717344 -0.14734101 0.18488413 -0.5017665 -1.2681266 0.26284823 -0.20715556 0.6652839 -0.7587439 -0.4993829 -0.7306719 -0.3728827 0.43620402 -0.6380478 -0.31478098 
-0.435219 -0.29452926 -0.3330408 -0.39194626 0.01678934 -0.2354554 0.21886171 -0.16624619 2.1352208 -0.3645395 0.3945673 -0.2766481 0.41821557 0.028216805 0.38904202 -0.2325276 0.16658749 -0.5869285 -0.15823098 0.2749351 -0.032399464 0.13965374 
-0.033949785 1.0354108 1.7098069 0.2187737 -0.52121425 -0.26228017 -0.5590585 1.4280244 -2.7402432 0.17945734 -0.53730553 -0.33249953 -0.781903 -0.5431283 -0.42301556 0.92658716 -0.85518944 0.13776399 -0.41117993 -0.78817284 -0.33038932 -0.40782163 
-0.05862146 0.05723421 0.017913941 -0.14865576 -0.40898716 -0.20510991 -0.22695823 0.010276151 -0.89446086 -0.22040717 -0.29471865 -0.34983978 -0.37130195 -0.27367982 -0.101666406 0.17470732 -0.34477434 -0.091785856 -0.25641167 -0.11830689 0.0072069177 -0.19882175 
-0.03737882 -0.17433994 0.011360273 0.0695551 -0.3942227 -0.25962842 -0.3379882 0.1854459 -0.92187405 -0.20977765 -0.07982371 -0.4172987 -0.29935306 -0.30521575 -0.10237018 -0.084282085 -0.36109322 -0.27558044 -0.19226597 -0.3124446 -0.3133169 -0.36524087 
-0.1364358 -0.6153214 -0.7928092 -0.20274606 0.45209095 -0.15174066 0.3685387 -0.6510009 0.18169717 -0.11843101 0.70486593 0.16266462 0.70436174 0.32214782 0.42974094 -0.95001227 0.34341314 -0.26408675 0.0030322354 -0.0059868027 0.3511581 0.18712887 
-0.051741056 1.6208928 2.8149195 0.17238136 -0.4777383 -0.2329073 -1.0282665 2.5102136 -3.3218012 0.7131469 -1.0834364 -0.36295605 -0.8134561 -0.6529466 -0.5215258 1.6456573 -0.9452099 0.4473471 -0.57865405 -0.8531441 -0.4538038 -0.3813725 
0.29693693 1.7748749 3.2073176 0.17577848 -0.33169448 -0.16559252 -0.7479946 2.6178672 -3.3903382 0.8284259 -1.2190536 -0.44373947 -0.49310648 -0.6326726 -0.61521953 1.5035162 -1.1390858 0.35648605 -0.507445 -0.7675895 -0.73917216 -0.6975569 
-0.14071064 -0.5326903 -1.1961446 -0.27998012 0.5058116 0.11619245 0.5407278 -0.8310521 0.4322527 -0.378032 1.2007184 0.02364285 0.6984403 0.41212147 0.5861474 -1.1879226 0.42176208 -0.16296116 0.3457542 0.31328833 0.46400377 0.42342034 
0.14966382 -1.6696832 -2.6780446 -0.13004877 1.2051482 0.4053648 1.618064 -2.1737082 0.27457607 -0.52178234 2.7128546 0.76973486 2.2139485 0.86583775 1.7856756 -1.9833122 2.1075532 -0.12399549 0.79394376 1.4940884 0.97600436 1.4561262 
0.1928463 -1.2413652 -2.136226 -0.39620242 0.87485373 0.37800318 1.2266988 -1.8215324 0.606949 -0.46803713 2.0397892 0.22534654 1.7787951 0.63731456 1.4924272 -1.9257437 1.6442934 -0.4023197 0.38124567 0.74304 0.8375842 0.96155256 
-0.028023176 -0.7747042 -1.0641991 -0.28589717 0.5044591 0.02915878 0.6526727 -0.7235582 0.46522656 -0.314019 1.0865625 0.25242627 0.88925177 0.34106144 0.55859417 -1.3086119 0.5289365 -0.26717845 0.0071245134 0.4377825 0.21435857 0.117226705 
-0.15668802 -1.3415582 -1.3932128 -1.7690896 -0.07609485 -0.15844639 -2.0501094 -3.2546055 -2.770877 -2.038693 
-1.3298451 0.44288197 0.16010708 1.5024849 -2.1562288 -2.4250572 1.8509387 4.0350094 3.0287602 1.492921 
2.6464245 1.2996033 0.9781301 0.26626542 3.5563135 3.7450373 0.1260068 -2.5767682 -1.1524445 -0.30983406 
-1.2689005 -1.9475571 -0.8575099 -2.20094 -1.8311435 -1.2789229 -1.6234447 -1.8022195 -2.0231261 -1.5743645 
1.5987002 1.6052616 -3.5374026 
