42 35 22 10 3
1
-2.2435884 0.4385722 1.7870572 0.51909584 -0.4393571 1.024374 -0.019107997 0.024609147 -0.4709214 1.9993379 0.99603873 -0.37545282 -0.30719116 0.9806358 -0.34022117 2.22944 0.018111015 -0.044841714 -1.2021058 -0.4148426 0.70668036 -0.5258951 -1.0653013 -0.24482147 -0.5796975 -3.017033 0.7351048 0.6700194 -0.83351904 -0.54440564 0.32953086 -1.1931845 -7.1004395 -1.956816 1.8252143 2.20125 0.30955553 -2.8709025 6.8621755 -12.907262 0.5044347 -3.229586 
-0.62318736 -0.4833705 -0.87211007 -4.276002 -0.54531676 0.11184973 -2.2329118 0.028339984 -0.5670096 2.3167899 1.4571259 -0.421313 0.059894923 1.0920998 1.3796467 1.2012088 -1.2815167 -0.023367848 0.35980308 0.39053437 -0.11313984 -0.28013262 -0.5664921 24.306728 -1.078283 0.71906626 0.28791922 0.24191955 -1.0191125 -3.488795 5.268965 -3.2340324 1.9032531 0.0115695875 -1.6634792 -2.5048807 -3.6339235 -5.0964127 -0.28597698 -1.004805 -1.1480017 -1.1840805 
-0.16146566 -1.1178849 -0.5581145 0.07681124 0.37288874 1.2586765 0.8174649 1.4478266 -0.48761964 -0.7879216 -0.6794073 1.2767162 0.06500113 0.5009788 -0.61953 -0.9838847 -0.2791247 -1.8160716 -0.9138403 0.4321343 -0.57157964 0.5899718 0.9814885 -0.39344296 7.824721 0.7729106 -1.1923641 -1.0194731 0.056017242 -0.45263416 2.0891085 0.54869306 -26.316133 -0.8500881 -0.21987443 2.8698332 3.0768182 4.912954 3.4951913 4.8026304 5.564076 4.42958 
2.752781 -2.437123 -0.63533115 2.338835 2.168907 -0.46084645 -0.38110292 1.3968279 1.0634046 -0.18335788 0.40280145 -0.4855149 -0.8994761 0.47694045 -0.8089332 -0.065595314 3.442384 -1.9556147 -0.5009451 0.47571373 -1.094169 0.37293792 -0.6378383 20.56606 1.1253124 0.25286925 -0.64882267 1.7442539 2.3805008 -0.43389848 0.9336367 -1.122125 -2.0129328 -0.034148805 -0.44978857 1.9228028 1.7487544 0.28948656 -1.0727445 -0.09213149 0.2507532 -0.2228052 
-0.1861706 0.70617515 -1.6914936 2.8970642 3.3868358 0.112744704 4.307858 -1.5140924 4.617084 -0.8604167 -0.10047188 0.25314924 -1.9581724 -0.2228545 -2.9251223 -0.2825897 -0.04475678 1.6580684 -1.9493415 -1.8376004 1.8376957 -1.0654731 -0.5413515 -1.7140365 0.61079144 0.8472175 0.045708276 0.4985857 -2.077231 0.9017524 -0.41652277 0.13517909 -0.59358925 -0.06711791 0.57707477 -13.438361 -0.8972628 -0.70794594 0.9613704 -2.1960773 1.256434 1.2291495 
-1.3669094 -0.23130019 -0.055186573 0.20301926 -0.090595275 1.267916 -0.26286227 -0.25024515 -0.35353157 -1.4348915 -1.2143302 -0.42512214 0.88414973 -0.9584681 0.69160914 1.5114329 0.8658695 -0.06821126 -1.1196122 -0.3841644 -0.5209012 0.48310986 -0.6155383 -0.043839484 -1.7971143 -5.4059763 0.30012688 -1.4517138 0.12953764 1.056344 0.17062157 0.31100538 -19.592356 -0.86856425 1.6970364 -0.6984331 -1.4978029 1.5908669 2.2167373 2.1707366 1.1231658 -5.896457 
-0.3470802 -2.3846252 0.97723633 -0.9877351 1.4617547 -0.051382147 -0.003328695 -0.74171996 0.3780323 0.58230245 0.3861697 1.8275948 1.7458584 0.1846538 1.0112833 -0.19005184 2.1393242 -0.6309222 0.5774044 -1.8320493 0.7452136 1.4621885 18.25745 1.4991547 -0.5182186 -2.3715382 0.8362966 -0.6345705 1.3080002 5.7881775 1.3153085 1.2900106 1.4546496 -0.61217844 -0.37138987 -4.6854267 -8.5405035 -4.86262 -5.276707 0.3288908 -2.9975173 -1.603287 
2.5916898 -0.24711138 1.980079 1.7410092 1.9646733 -3.7175634 3.4666255 0.07344745 1.8863025 0.6358993 -0.4311111 -0.28590858 -0.30205968 1.9492176 -1.0422664 -1.0355015 -0.76219064 1.406863 -1.1926643 -3.7964005 0.07472866 -0.16908042 1.5485998 -0.088396735 0.49216402 1.5338078 -1.8080599 -2.3343663 0.061147913 -0.22299008 -1.6180295 0.015073583 -1.5608085 1.1018679 16.209703 -0.13629155 -0.034080468 -1.30206 -9.11715 0.9778423 -1.9396939 -1.1912858 
-1.0386347 -2.2601485 2.6611927 1.7025291 0.4056016 0.1363003 -2.0876331 -5.983232 0.38685438 2.505652 1.1667032 -0.9595194 -2.8605242 -0.4102734 1.5725614 -0.9537689 -2.3373652 1.1171349 -0.61777025 0.19458994 0.27866486 4.8270555 1.0670934 -1.2181925 0.81664395 1.3495487 -0.36521184 0.36720672 -12.8940325 -0.87337893 0.97738665 0.5707564 -0.70138866 -0.49746832 0.06298614 7.45661 0.04860492 -0.5566347 -0.4943045 0.6630661 0.28620657 0.75776064 
-1.0718124 0.65873414 0.9969161 -0.22625193 -0.68073994 -0.76779544 1.6422421 0.8531351 -0.2762346 -0.7377124 -0.29541352 1.7994413 -0.61329174 0.38025117 0.6472669 0.84934396 -1.0706785 -1.1636255 -0.36199084 0.3800663 0.011947342 -0.41957903 0.20839916 0.09623391 -4.4021153 -1.1491402 -0.31844565 -0.13449584 0.49139795 1.0222063 -0.28212354 -23.852285 0.17613395 -1.007396 -0.063506044 1.1982261 -0.26208934 -4.2703404 1.7873238 5.6463675 2.4555392 -9.717579 
-3.8769133 -1.8290812 -1.5412954 -1.2325023 1.298739 -2.4647162 -1.4553635 1.03956 3.414159 -0.6451554 -0.106696345 -0.32314727 0.11032689 -0.37810874 -0.24301545 -1.2888992 -0.45161211 -1.6689029 -0.009308498 0.45966354 -0.6317559 0.6723109 0.65565467 0.16110374 0.79664457 0.4326757 1.1955277 0.5197159 2.717831 -0.12186128 0.42487344 -0.38438982 -0.67291206 0.35783765 -1.0347347 -4.739846 -9.133111 -5.537511 -15.8692665 3.1823704 15.60423 1.8483562 
-0.3143676 -0.29895175 0.5326673 0.96574414 0.20642139 -1.1129599 0.41743216 -3.2992258 -0.9513176 -0.020506121 -1.9071772 0.172444 0.5942104 -0.94343805 1.0279887 0.93431693 -0.5184246 -0.10326452 1.714319 -0.45572335 0.016758284 0.261859 -0.07103012 0.31335333 -0.3256162 -0.39596775 0.7361422 -0.16170032 0.53099895 -0.4063412 -0.88710666 -0.42343965 0.37861434 -0.636761 -0.643657 -1.1438347 -0.46584406 -0.26883793 23.373362 -13.69677 -12.074334 0.41230386 
-0.27034998 5.8949003 3.2141385 -0.3849403 1.4543537 2.341873 -0.2673736 -1.3415391 -0.67827135 -1.0560005 -1.698344 2.6757863 0.258573 -3.3725827 -0.99858195 -1.946196 -1.6989968 1.0033062 -1.3587829 0.59391093 -0.7681563 1.1289885 0.7953002 -1.2236546 0.699732 1.4477326 -0.95097226 0.6670977 -0.4689508 -0.7004507 -0.093166135 1.6833967 1.0729657 0.6403782 -1.3103114 1.7495089 1.5557506 3.62856 -2.915805 -2.2276404 -2.463211 -20.683897 
-2.0924008 -0.81235045 -0.52083063 3.4503872 0.5551807 -1.4517213 -1.1858978 -0.80409175 3.764558 0.6847802 3.1292875 -1.5121299 2.5728056 2.4626932 2.0311644 -0.42100203 -0.28470877 -1.3906183 1.6803949 0.19851923 0.38662463 -0.39555243 -1.3891935 0.530443 -3.2169447 0.11683167 -0.64378303 -0.44978306 -0.94846135 -1.2741348 26.74156 -0.70708466 1.4255791 -0.13385195 -0.0026962766 -2.31708 -3.8515646 -3.892014 -3.0330555 -4.796705 -2.5247586 -2.290767 
-0.1445769 -0.39918712 -1.3586826 -0.03159849 0.5039672 -3.065147 -0.9745999 -0.38052347 0.84795797 -0.67828095 -1.3521287 -1.2737161 1.3573531 1.5729408 -1.7005715 1.8146461 -1.8277425 0.11471376 0.19065076 -0.3036984 -0.7473768 0.9858956 -0.61793685 2.1007802 -0.98294455 -0.59168917 0.9215874 1.0300876 -1.1934975 -0.59434164 -0.65297943 -0.7633975 0.73557353 0.61697125 -0.28003132 -0.15617867 -11.661097 20.739922 -11.191425 -1.5310686 -3.4490514 -1.0488248 
-1.0973334 -1.1300815 1.9502068 -0.78751963 -1.0470095 -0.7550037 -1.569601 1.3386241 -0.028024156 0.382951 0.93422765 -0.09933425 0.24970238 -0.09547539 -0.44202805 -0.36735344 0.17152296 0.67123175 0.29691505 -0.27858785 0.49287534 0.22618738 0.14305699 -0.66046137 -0.52609473 -0.50447875 0.13028926 -0.20245926 0.55596495 0.58195573 0.77499133 0.2016527 0.13837653 0.110222615 -0.31583348 23.430742 -7.101277 -7.800583 -7.7440615 -18.672876 -0.15308656 0.5981424 
-1.6162804 -2.4844987 1.9556868 -1.8090981 -1.0417962 2.899366 0.6129652 -4.3743434 -1.8083036 3.1729367 0.27518287 -3.6720524 -3.1295292 4.279494 0.71305203 0.24314043 -2.1615362 -0.4886073 2.2513618 2.4104388 -1.1945192 0.80394745 1.7570612 -0.20545596 2.9126909 0.5275961 -1.4259673 0.33158183 -0.7924984 -0.2772761 1.8253366 -0.05803678 -2.5049632 -1.9440116 5.2778482 -0.32288623 -8.5407505 -3.6835048 -6.3196635 1.721583 0.4990803 -1.528752 
0.088928 -1.2016972 0.8257537 1.2843748 1.106594 -1.4390785 -1.636487 0.32188132 1.4275142 -0.029798433 0.5149089 0.97034913 -0.19489674 1.2014579 -0.805628 -0.6208071 -0.34995145 -0.054969914 -0.53725713 -0.00944396 -1.3734163 -0.0747293 -0.12529323 -0.7694877 0.28509948 0.5205736 0.69730103 0.5849605 0.10092817 0.46498612 0.5289654 0.8314135 1.912511 0.2560816 1.1799775 0.050054748 -0.15175083 -0.0016256827 -7.244265 -10.494843 -8.624138 -9.209226 
-5.0493164 4.8022485 1.0943366 -0.19054264 2.5408585 -1.6682417 0.348246 -1.871381 -0.665725 0.20206691 2.431872 1.7588831 -2.2728837 -3.7578075 -0.43622512 0.1660428 -0.7383042 -1.5665795 -0.8558346 -0.90598243 0.4186825 -0.1006396 0.45872983 -0.50429785 -0.93740124 0.8884955 0.47384313 -0.3213108 0.106378555 0.45485952 0.120401844 1.8261887 0.44494474 0.82939255 0.45502827 -1.8722678 -0.2936742 -11.288206 -5.028603 -5.5333076 -3.168429 14.317183 
0.2421078 -0.049950592 0.6287945 -0.36071447 0.360643 -0.6976631 -1.5087297 0.81017834 -0.2650461 0.34456715 -0.15661281 -0.16210558 -2.8443604 -0.6133744 3.3566003 -1.7337359 -0.5373831 0.29496908 -0.09454014 0.5804924 -0.21014294 -0.91386724 -0.06799492 -0.3441626 -3.8234637 -0.025891077 -0.007842695 0.69013613 1.0177646 0.20374957 -0.8603411 -12.303395 1.293034 0.39077199 0.33240837 -5.906292 2.6695068 6.368851 -7.9413586 -5.841345 -1.3192472 0.7005873 
0.7810182 -0.49938554 0.52897644 0.20894547 -1.1067709 -3.36823 0.024862865 -4.239455 -0.6888319 -0.8277352 -0.1620308 -0.8489757 0.4421202 0.01384307 2.2063825 -0.62735236 1.7023543 -0.3758335 -0.21120158 -0.39318484 3.0184164 1.4057403 0.86501884 1.1466204 -1.5206108 -0.8454474 0.6011255 -0.29078028 -1.0446819 -0.37535027 -0.16501597 -3.660625 -1.634271 -2.7040086 -3.2625663 2.2342155 1.1319613 1.4808455 -16.992405 1.7269202 -1.2069536 1.0718169 
-0.48508725 -2.4560275 -0.7176426 -1.8048902 -2.3558216 0.73035836 0.34836605 -0.6434532 1.2332754 0.7748093 1.2622579 -0.993875 -1.7694818 0.46936843 0.7824529 0.7695837 0.5114421 0.07163725 0.9777583 1.106172 -0.842886 -0.5749123 -0.1701509 0.41184828 1.3596079 25.180742 0.5524472 0.1975738 -1.1444488 0.3960318 0.1883675 -0.4180803 3.0310743 0.8695077 0.8540526 -2.4514122 -4.651056 -1.4746206 -2.9539328 -5.9358025 -1.3745097 -4.635631 
0.29046324 1.1188779 0.64844733 1.428373 -0.017516728 -0.4815438 0.669095 -0.059993528 0.49457532 5.3476624 1.3658242 -0.890239 -0.5791405 -0.46656072 1.6923019 -0.16351727 11.265968 0.009494206 1.706295 1.4320451 0.7522237 0.10506875 0.77132815 -10.656437 -2.4283664 -2.283145 0.66415995 0.20128182 -1.8020031 -0.59951216 -9.137075 -0.2969247 -0.26955009 -0.13826378 0.75941896 -2.495413 -1.139199 -1.6452782 10.385662 1.1521373 -0.8215085 -2.0420368 
-0.11299686 -3.2947702 -1.8341753 2.2856252 0.9777164 2.7827435 -2.238713 -2.2413518 -0.11715971 1.5366465 -2.2741714 -0.59293216 12.014569 -0.4679824 -0.27051577 -0.24988252 -1.8903552 0.6675855 -1.0395092 -1.7258501 1.4253879 0.07617566 1.9356188 0.69986856 1.1237035 0.058930963 -3.6583953 -1.303183 -0.24289595 1.5144174 2.409918 -0.3508788 -0.007393769 2.3234859 1.0645553 -3.5355234 -1.696692 -3.1018045 -3.8771439 -2.3530827 0.21959275 -3.7989063 
0.6404025 0.9946022 0.48263064 -0.38859847 0.7686076 -0.62375116 -1.0800123 1.1475769 -0.9817021 -1.6638173 -1.8492838 0.54038304 -1.5011069 1.4536024 -0.5683984 -1.2635444 0.01634298 1.9229988 -6.07777 -1.1893145 -0.46527955 1.946132 -0.2922167 1.8152751 -0.88977563 -13.485595 -1.3970482 -0.19521576 1.1963892 1.1328427 -0.21969952 -1.2464874 0.44926357 0.55608886 0.6560759 -0.52945507 -1.1915042 -2.4141598 8.71522 1.6307284 1.33929 -11.55556 
-1.1827923 1.9176478 -0.29488283 -0.1876749 1.0674905 0.8586297 -0.26886085 -1.5551224 0.6018711 -0.36753327 -2.3848813 -0.20103875 -1.8194813 0.5376764 -0.43276152 0.6038401 0.032273345 1.2536355 -0.83306956 -0.9246536 -0.21045148 -0.05806317 0.61109143 -0.35344166 1.9324654 -0.15070038 -0.4793799 -1.1096774 -0.1449111 -0.11246568 -2.2018337 0.5402094 0.33118492 -0.22604197 -0.79915035 -0.8696853 -1.6884978 -14.411918 -7.6371217 -1.0107646 -1.322738 -0.045650594 
1.1569345 1.7139117 1.4712394 -0.027573045 0.67631364 -1.3556485 -1.1124555 -0.9716526 -1.270184 -0.11323524 0.651511 -1.3186189 1.1406904 0.8585874 0.6115485 1.1762267 -0.39749748 0.80853695 0.7524605 -0.17806904 1.1932893 0.9467055 0.5400649 -0.06786366 27.275932 -0.218661 -0.20237298 -0.7680637 -1.2443734 0.98997384 0.9870814 1.8139944 2.772564 1.5201676 0.49218786 -2.6370718 -5.3569107 -4.789031 -4.2876196 -3.8442245 -3.9927418 -3.150682 
-0.8628554 2.9666486 -1.7059356 -3.1434157 -2.6973305 -2.0885775 -0.33030313 -0.19546075 -1.3341315 3.6573656 -1.1669824 -0.2082055 -0.030228484 1.7216417 -0.45596778 -0.04778817 -0.08429372 -2.3152466 0.9405796 -0.39468867 -3.2380679 -0.21153153 1.1415329 -0.26361826 1.8545544 1.3173954 0.46323156 1.488149 -0.6890639 -0.3392809 3.9820638 -0.75312096 -1.6670867 0.17286167 -1.2506179 -11.537214 -2.7101877 -4.32215 -1.1940311 1.9482728 -0.843164 0.550811 
-2.0129747 -0.4806154 0.45587498 1.6412473 -1.0626818 -2.9365892 -1.2131164 -0.83940333 1.1073755 1.2215239 1.4030547 -1.3923227 -1.9051102 -0.010205318 -0.8581495 0.8546345 5.2295275 0.17142422 -0.015260682 0.02247326 1.7340496 1.0839418 -1.5113238 -1.2057693 -1.7252648 -3.531463 4.007411 1.988461 -1.4251103 -2.2875986 -2.597629 -1.2017981 0.21148635 4.1176763 0.7785662 -1.0673066 -0.15979126 -7.3884587 -1.8735024 -0.5156521 0.7087041 -0.5645711 
-1.3492535 0.06907075 -0.83664155 -0.8099376 0.6741859 0.37221932 0.559704 -0.19261655 0.07856773 3.0327978 2.4619572 -0.9663789 0.13803786 -0.963108 0.15433034 -1.5776614 -1.4278771 0.28177422 0.62137216 -0.6342288 -0.3246141 -0.19120659 -0.5453656 -2.7443302 -1.4836577 -0.7572652 -1.1825246 0.7350321 -1.3066024 -0.052158095 -0.19288638 -26.242903 -1.7040465 -0.65845996 0.8961671 3.5922115 2.5645854 2.6886787 2.2791543 3.2747498 3.429406 1.9338737 
-1.0256281 0.86775756 1.3914062 0.5818788 -0.020538548 0.17241676 1.9019378 0.31577808 0.037713524 2.22876 -1.3811166 1.9355856 1.2251794 0.30261704 -0.22300571 -0.3433603 -1.0080724 14.36819 -1.2589993 -2.5108461 -0.9343274 0.5868571 1.0512418 -1.7071761 2.0244184 1.125589 0.08273007 0.2278894 1.5410155 -1.1978936 -0.094741374 -2.1096694 -1.5781456 -0.2938269 -0.27924922 6.0811396 3.779434 4.1428823 1.4617926 -2.3814907 -1.4126441 1.1250364 
1.4743161 1.8416744 -0.61892235 -2.5305097 0.40974107 -0.7713716 -2.3829322 1.9909409 -0.8476221 2.7098827 -0.6963415 -0.097246796 -3.2842417 -4.3417053 -0.42692643 0.024658037 -2.2332165 0.85560435 1.222481 0.008021976 -0.2512342 -0.6647709 2.1814225 1.1453466 0.2757996 2.303291 -1.8637971 3.8776503 1.4363104 0.18280786 0.67001456 -0.25319475 -1.404096 0.69570124 -6.932163 -0.46231315 -9.640186 1.6993709 -6.250293 2.2677777 -4.2710123 2.8617117 
0.48394832 -0.2792128 0.53005123 4.549204 0.23482819 1.3105785 -2.2486 -1.1058989 2.1071491 1.657153 1.3371619 -1.1462845 0.09019914 -0.23009586 -0.1092743 -1.1820892 -1.2577573 1.4267418 -2.6163719 -0.047315553 -2.3482509 -0.24227037 0.7537142 0.0015585206 2.6042469 -3.574351 0.06879145 0.98519903 -1.1512221 -0.40346473 1.6578068 0.101939484 -2.721765 -0.47928986 -0.10851869 0.27290595 1.9267061 -0.9805392 -6.2217555 -13.375851 0.7448097 -2.5407364 
2.6231728 1.4665965 5.7966332 2.9604006 1.2366174 -0.87919426 4.1629896 0.66530544 1.9164255 -0.73004514 0.7929424 -1.079864 -0.06643108 1.3923641 0.43977776 -1.4277543 -2.6975336 1.4526248 -2.3116121 -0.99100953 -0.047483128 0.43910763 0.2989405 -0.74145454 -0.028724104 1.5944085 -0.86532223 0.8339698 10.805581 1.7229506 1.5548822 0.5873298 -0.001563755 -0.059516028 -0.2856223 -4.0774364 -6.360257 -5.9613266 -6.5267744 -2.0814447 -0.4856265 1.7348635 
-0.55588245 1.1858456 -0.36860994 -0.47919616 -0.082868814 0.41047436 1.2546352 -0.8919883 1.2799871 -0.5363099 -0.48603818 0.83653826 0.5976837 -0.40962273 0.8008925 0.49003744 1.6325485 21.563635 0.84055626 0.40347978 -0.50885785 -1.3721994 -0.62561154 -0.71505845 -1.1253383 -0.33351314 -0.11172333 -0.08073938 -1.1392624 0.86124927 4.5212216 2.3598368 1.9776384 -0.35373795 -0.27850685 -0.5393727 -3.3112633 -3.2624176 -5.978233 -5.735766 -5.6479063 -2.6627162 
-3.447798 -11.37207 2.2967212 -11.967447 5.2093244 8.458138 -4.12941 -5.454859 -11.957113 8.592263 -3.4397454 -11.05468 9.734463 -12.7042265 -7.0654907 -5.5908217 5.4924 27.96046 -4.4247003 7.7970653 2.1314843 -14.400619 -8.003204 4.160351 4.863444 11.837571 -15.405139 7.610708 5.271632 18.931292 -17.510283 4.621914 6.980728 -0.9287797 -7.5863867 
-2.3897417 2.3752196 -7.314872 -2.754232 0.6187268 5.1792808 0.061383836 -0.016419446 -0.83804184 3.2350261 -5.769934 2.699105 -2.5735416 3.559756 0.41547635 -2.9886737 -1.2336835 -2.0679374 -2.004327 -1.673749 0.4457211 1.2084478 0.63677865 -0.27457938 1.2841144 -3.0182478 0.65495855 -1.7930157 0.6962741 -5.324057 -3.0397942 -2.2979343 -4.299542 -1.4909372 1.4938943 
-1.4155227 1.0679885 -1.5052981 -1.7391107 -2.5338755 2.4518766 1.6427085 0.9264716 0.38877577 1.9566065 -3.517251 -0.002486961 -1.0960994 2.7702396 -2.115597 -6.0424576 -0.07696778 -3.8068316 -3.6664658 -1.8555312 2.632111 4.463067 0.920249 -2.3233082 1.0265856 0.29603767 0.28703576 -3.9300225 0.31618452 -3.7436395 -0.9471528 0.80272716 -2.2551687 -2.97287 1.5379101 
1.1676906 2.7287745 -1.8755817 -3.13876 -2.21893 1.6535974 1.6605651 -0.72097373 -0.560626 3.5714614 -7.5992265 -0.42570668 0.19471715 1.6632953 -0.81470907 -7.422062 -1.362393 -1.7650349 -0.8733653 -2.697511 0.30611625 -0.49003336 -2.3451922 -1.6678311 0.9875051 -3.7823617 -0.9171509 -1.983434 0.85058546 -3.3700316 -2.3282604 -0.6296107 0.21279676 -3.5631573 0.07609086 
0.7041959 4.338587 -3.304006 -2.9482534 -1.9707799 0.8004045 2.5743287 -0.6917911 -0.79530644 -0.046151854 -4.606367 0.52491564 -2.132283 2.9708076 1.5393062 -4.249094 -1.1850996 -7.223347 -5.7137756 2.263263 0.7715539 5.0608077 2.0879557 -2.8150296 1.3733771 -3.8749926 6.0679846 -3.025153 -1.3864769 -3.006693 -2.2154813 -0.75288916 -2.4744754 -2.3023007 3.0746503 
-0.85926586 3.1735568 -0.8155595 -2.4663827 -0.9244841 -0.39967215 -0.23798254 -0.35451162 -1.8789603 2.2647216 -0.91482234 -1.43112 -0.35177094 -0.6504465 0.36907494 -3.0387206 -0.42468405 -0.69198185 -3.4987524 -1.8293995 3.0592844 0.57336336 0.97529066 -1.1141676 1.9966929 -0.2623552 -1.1355692 1.1845752 -0.99824005 -3.6107464 -2.693129 2.036772 -2.9264188 -2.0701704 -2.4567842 
-1.9583433 1.4510033 -2.6509988 -2.4056544 -2.2524471 3.6896408 2.7262545 1.428946 -2.2933323 -0.48654842 -0.7782979 2.9691713 -3.265221 0.40105814 -0.032727093 -1.7685641 -1.4044032 1.8747238 -0.8884445 3.095757 3.4556375 1.8854456 1.5880862 0.3142911 -1.8567656 2.912027 -0.8938334 -1.9195148 -0.728996 -2.4360566 -1.3539729 0.9186605 3.3366334 -1.2726204 -1.5212814 
5.474088 3.37208 -1.7034781 -2.0750089 -4.6486726 0.61133546 3.656263 -3.7366178 -1.5628957 -0.9655932 0.6460659 2.7032597 -4.340831 1.0232538 2.1808414 -3.5225463 -0.3957348 0.74984163 0.81365055 0.8809315 -1.2900499 1.3018929 1.7708255 -0.5407644 3.094838 -3.8101265 4.9937124 -3.359892 -0.27501592 -1.455634 -1.2076713 -2.0659924 -6.456901 -2.320062 2.6604724 
0.85667443 1.1689118 -1.1043785 -3.3086636 -0.46031535 0.6875435 0.82609624 -1.6747524 -1.8923858 3.0843718 -3.2824304 2.3232484 -1.6053147 2.2265775 4.4917045 -1.7209771 -3.8667226 -5.228056 -3.6926126 2.8956845 -0.8406258 0.911571 2.033799 -3.1908114 0.0015221919 -0.23490521 2.46599 -0.16908048 1.8969591 -3.280442 0.37629086 -0.9368615 -1.6401165 -1.5619003 -0.9212283 
-0.77367586 1.2017347 -2.448772 -1.619788 0.30840674 1.947235 0.39636835 1.8389088 0.96539617 -2.0020125 -5.771276 0.17389509 0.058188587 -2.0842097 0.4025621 -5.0696707 -2.584158 -6.390255 -4.3453975 4.772186 -1.5194861 0.37288657 -2.0815806 1.7678934 1.2698996 -1.8058764 3.4315314 0.09885949 -0.20729595 -5.5275316 -2.1914442 -1.8035653 0.8843354 -0.11355799 2.34626 
-0.063127466 3.7856693 -0.17574626 -4.317002 -0.1968782 0.8245991 1.4271338 -3.3674753 -2.1063223 2.2390535 -3.4300163 6.712034 1.3440291 2.5579019 -5.6206856 0.11060188 1.5208119 -0.84310615 -1.5864298 -1.1865697 -0.21854833 3.6249542 -0.22534077 -0.9259404 0.41843092 -3.1058967 0.9085909 -0.85339844 1.8299713 -2.8766017 -2.180942 -1.2676038 -5.5544233 -1.3136027 2.3716679 
1.4178555 3.4648817 -4.0155516 0.57050204 -1.4037015 -0.77556634 0.86331517 -0.53238225 -1.761502 -0.9035827 -0.2703651 -2.2624521 -3.2166996 0.78130627 1.1346925 -3.7057934 -1.3041523 -6.6368065 -1.1548688 2.5171902 -1.6465658 1.7388872 1.5883399 -3.4860942 -0.11691947 -1.1674724 3.2492774 -0.98425037 1.149757 -0.13182773 -1.0702074 -2.4875333 -2.2937307 -2.1594396 3.3094 
0.30422685 2.600767 2.7357345 -2.6734931 -1.7115899 -1.6805989 0.14372566 -3.9822185 -1.5689903 0.3853004 -1.1965834 1.1670973 -0.75491315 4.6434965 3.618948 -1.2349806 -3.2935333 0.40351942 -0.47783467 3.5254614 1.1826093 3.1799724 0.8290546 -2.280423 1.9149268 -2.8734596 2.5248413 -4.102397 0.20179906 -5.2913074 -2.1658747 -2.8936987 1.0500826 0.57072926 1.858094 
0.16678345 3.1557043 1.3393682 -2.4828587 -1.2873274 0.89428914 3.6582532 -0.82910234 -0.7500866 -2.3412592 -3.6506557 -2.074996 -0.86838174 -4.1314964 0.6344331 -0.9329541 -0.509191 -3.0254376 1.2127708 -0.7477192 -0.29934984 1.8056338 1.4044394 -1.1778749 -1.4247007 -0.2322478 0.94370735 1.8859085 1.9781328 -4.0467963 0.39424938 -4.626345 0.8130319 -0.79313123 2.837462 
-2.4110112 1.0706482 -2.1988697 -2.7150614 -4.220114 2.2572887 -0.5060005 2.6858394 -5.9121866 3.3461845 2.942734 -0.32188225 -1.9446589 0.5420493 3.399218 -4.3736057 -1.5437374 0.43154505 -2.3566842 0.43369782 3.4331806 0.67900115 -0.24462666 -0.2407085 -1.7909769 6.6688633 -2.365489 -2.7998738 1.6284767 -2.8968463 -2.1723983 2.066867 6.6197605 -1.6102593 -1.305926 
-1.3289827 -0.040405434 -1.4395431 -0.87441 -0.7678651 0.19743352 2.074871 0.6839458 -1.8842168 7.142093 1.2363297 4.296191 -0.013847137 2.077114 3.671557 -1.3391209 -2.6788015 -5.1814556 -3.0704596 3.022033 1.3333452 0.9053792 0.763342 1.3211846 -1.7735906 1.4449732 -0.5381406 -2.1843927 1.2761105 -2.27799 -0.44929734 -0.7153313 -0.85196084 -2.3622181 -0.46865752 
-1.0904316 0.26443315 -3.2680604 0.062328305 1.1934885 3.2080548 -0.23022164 -1.3248641 -0.37418836 0.5198545 -0.86376894 -0.32713506 -2.5689821 2.2289984 2.7252345 0.4954596 0.38095152 -10.076932 -5.371195 2.5097399 -1.4455533 3.8355381 0.48219362 -0.8124784 1.0277473 5.5791564 2.6788044 -0.45424807 0.86973697 -2.2345595 -1.1085534 -0.99795645 -2.6470394 -0.93037975 0.13227317 
-0.7193829 0.92170364 -1.4702579 -3.0870943 -3.7674131 0.303046 -2.389195 0.20638587 -2.3612573 0.6218294 -0.6858304 1.7138792 -2.7426515 -2.9363027 -1.4911076 0.011056669 0.85314 -2.5802789 -0.5310076 -1.4513475 -1.044255 2.640135 3.8047829 -1.2267445 0.17629129 0.47179654 2.8965273 -0.40981975 1.045739 -1.8427169 -1.7765889 0.6122134 0.20652172 -1.8677309 -0.1277338 
-0.4789163 1.9988294 0.7469133 1.055696 -0.8875116 1.4867022 2.1523588 -1.1985767 -1.5277772 3.0628655 -1.9966921 -1.1095908 -1.0588119 5.320808 1.80296 -4.888171 -0.97822195 -3.8747556 -2.7241416 0.08213637 1.8943559 2.6088347 1.1340389 -0.85286444 -0.4399155 -2.5519507 5.6409917 -2.2417464 1.4592794 -2.497889 -1.8320448 -0.8441897 -3.4387152 0.37404218 2.980924 
-2.686489 0.6271647 -2.2006252 -2.7419755 -2.6538858 1.8550024 0.40590337 1.696437 -1.2192357 2.1949859 1.441349 -2.7719948 0.09632473 1.6955696 1.7771959 -4.2511196 -0.27470648 -0.72198755 -2.3214924 4.2605414 6.5245047 0.82506746 -6.4898024 0.14390169 -1.6918552 6.7349987 -2.7675369 -1.5074841 2.1129777 -1.6051409 0.8648278 2.1364121 4.6256166 -0.86589545 -3.2688615 
2.436833 2.378891 -0.37923643 -2.2566009 -1.1559714 6.0693736 2.8797655 -3.233521 -1.3991836 1.2932007 -0.09034944 3.866233 -7.397133 1.4059122 2.15909 0.6688433 -2.021103 -1.0040276 -1.900084 0.014474805 1.428991 0.5261408 2.4811509 -1.8244785 3.5839813 -2.897986 1.1149037 -1.4195161 -1.3093232 -3.0776792 -0.3006782 -3.6604059 2.313492 -0.4307242 0.19621228 
4.034801 2.912616 -2.0657024 -1.3618779 0.58892936 0.6075161 -1.0438182 -1.8523153 0.7571815 0.0528199 1.4339373 5.5925283 -2.0500214 -0.00873125 1.695674 -3.7567325 0.8983641 -0.7381721 -0.57568365 0.62838876 -1.7548239 1.9910561 -0.6053043 -2.833264 1.3077302 1.6733903 -0.010829072 1.1591218 1.91481 -4.411581 0.9119517 -1.3493116 -0.42145652 -0.11778877 0.68348235 
2.5622368 1.7754961 -2.709113 -3.503058 -1.4409537 1.5145113 1.6371543 -1.4332408 -0.69285226 0.36790043 -3.9431393 4.8176093 -2.2130935 0.7112188 -0.21678573 -3.637298 -1.737852 -1.6111381 -1.8308717 -2.3669994 -1.0166576 4.3210583 3.4749613 -4.041381 2.3679566 -7.1838636 7.072789 0.9450926 0.23950274 3.4334204 -2.3024302 -2.0805259 -4.331662 -0.8855297 6.2008905 
-1.2522538 -2.8928041 1.0350447 -4.595846 -0.7973966 -7.404346 -6.1720147 -1.188475 -1.9376278 -6.3520775 -1.4384962 -4.050887 -2.6955433 -6.701924 -8.63775 -1.9182664 -1.6563425 -6.7408442 -3.564751 -5.4391055 -3.884404 -5.0800686 
-2.5650222 -0.0671259 -0.33517703 -3.0055652 -0.19986102 -0.3042554 -2.5073314 0.072677106 -1.5698501 -0.26527032 0.10592016 -0.31868926 -0.84866583 -0.3266312 -2.1074603 -0.86330456 -1.3820245 -0.25149646 -0.3064364 -0.18334515 0.10117514 -0.12568337 
-2.6824107 -1.4552768 -0.3917237 -2.6687286 -1.4985775 -0.41320592 0.9829184 -0.70667666 -0.054357 -2.6436617 -2.2223158 -1.8256458 -0.56813735 -1.0061588 1.3869152 0.9983439 1.2726998 -1.0699283 -1.2682339 0.028316088 -2.1290143 -0.62213063 
-2.3359568 -0.370222 -0.016785495 -3.0809903 -1.2701652 -0.38676012 -1.4164404 -0.4346435 -0.6058466 -0.8370931 -0.2654401 0.117866546 -0.41969493 -0.23876628 -1.5598783 -0.25009128 -0.6700966 -1.1774858 -0.28270283 -0.055878915 -0.922253 -0.073427394 
-2.2626219 -1.5140629 0.15021382 -3.2098033 -0.87959015 -0.6144358 -0.12827155 -0.49692243 -0.7692659 -1.3834742 -1.826668 -0.5449141 0.4677165 -0.45666376 -0.64805657 -0.11619289 -0.38651913 -0.5295298 -0.34897256 -0.49621645 -1.6460037 0.20018214 
-2.792611 -0.20247377 -0.60009557 -3.0948498 -0.19195509 -0.1535486 -2.0453897 -0.47983453 -1.3321725 -0.27568743 0.24842201 -0.49778962 -1.0993578 -0.25535825 -1.5521836 0.047031373 -0.29385978 -0.6115059 -0.60209703 0.12208979 -0.035234846 -0.60180926 
-1.5446788 -5.754172 -7.089278 -1.3566586 -3.988842 0.05825846 -1.1961886 -8.924565 -2.3739321 -4.599508 -3.0472438 -6.6789274 -2.6063476 0.7171745 -0.9239948 -4.9877357 -2.8841443 -6.4373975 -3.5891654 -5.3065276 -5.538851 -2.8984933 
-2.5575333 -0.11062453 -0.1362957 -2.957164 -0.009401381 -0.62181264 -2.4875824 -0.4705852 -1.3346565 -0.04279043 0.33428088 0.43093532 -0.47544327 -0.7971171 -2.2893074 -1.0671004 -2.177536 -0.9105594 0.12353328 -0.077717505 -0.2944102 -0.07642421 
-2.7260573 1.2477735 -1.3389323 -2.5163894 -1.2119542 -1.0538388 -2.3125014 0.0065018474 -1.4433737 -1.003096 -0.11519837 -0.07623648 -0.92643315 -0.2334643 -1.2672142 -1.7047522 -1.4840534 -0.11160212 -0.27830938 -2.0406816 2.6045008 -1.557024 
-2.7344682 -0.32518283 -0.70784473 -3.2091343 0.008964262 -0.2893259 -1.5633571 -0.39591372 -1.5459205 -0.2960099 -0.12709807 -0.7401092 -1.0579363 -0.6031976 -1.1761383 -0.21734147 -0.13935697 -0.14596416 -0.47277302 0.01680213 -0.2020018 -0.3716071 
-2.4673338 -1.1524429 -1.035836 -3.0958405 1.0967908 -0.19232145 -1.6840535 0.5210118 -2.4305706 -0.10149652 -1.0382268 -2.0414417 -0.531285 -0.83999455 -1.1496711 -1.0425627 -0.4149919 1.4751846 -0.5096725 -0.9148721 -0.2230539 0.0344489 
-1.9269232 -1.1237903 -1.810266 -1.8522079 -1.6764027 -0.36441535 -2.3207152 -1.4790348 -1.7441635 -1.6571988 
2.665338 2.053079 2.7479184 2.5582483 2.8073487 8.361862 2.3783412 2.0058153 2.4733803 2.077537 
-0.65769404 -0.8452524 -0.5353576 -0.47913823 -0.70593345 -6.881077 -0.70237386 -0.50523037 -1.0014127 -0.90011656 
-2.0561807 -1.1321266 -1.3501583 -1.6009858 -1.837337 -1.061036 -1.1970731 -0.94346434 -1.915195 -1.4105144 
2.8216453 4.8341494 -8.329529 
