42 22 3
0
-0.42752805 1.108029 0.92201227 -0.7555508 -0.09092403 -0.8125267 -0.27069306 -0.31581825 0.11865744 3.2509232 1.9280596 -0.072608314 -0.8841246 0.71657825 -0.11622842 -0.9737619 2.2602267 0.05713987 -0.78782654 1.178868 -0.8250137 0.40492138 1.6406682 -3.8288205 -0.39043102 -0.96317554 -0.4246122 -0.40015122 -1.6726489 -1.1881607 2.4734254 -0.79274386 0.54331136 -0.29425287 0.22275603 1.5563123 -2.1720915 -0.8395805 0.2861902 0.18213609 -0.4443947 -0.33138907 
-0.07910552 -0.8396517 0.42950565 -0.22866224 -0.28927672 0.2628221 0.17095822 -0.31412315 -1.849301 1.1418568 0.9166682 -0.15869035 0.6822959 0.26612264 -1.2178943 0.21546148 -0.75440747 0.37574622 1.2865849 0.31966245 -0.47309402 -1.9412972 -2.9740655 -5.330285 0.29875842 0.97628456 0.41509247 -0.14416857 0.09010447 1.3440708 0.2745511 -0.21425222 -4.40789 0.18212043 0.126816 -0.564053 0.06607965 -0.17197783 -0.030338226 0.8826111 5.232135 -0.027786512 
-0.12417695 -1.0280204 -0.7395454 0.29509276 -1.3955243 -0.3633421 0.1353385 -0.5635916 1.8729947 -0.19954671 2.9346344 0.11140975 0.2617577 -0.73446184 -0.22352889 0.729836 2.5459318 -0.87384176 0.17733118 0.291892 -2.3450358 -0.806108 2.06542 -0.102115095 0.013359442 1.1496111 -5.054435 0.9736392 -0.0419614 -0.34959397 -0.45702276 -0.6223844 -0.76052266 1.0668342 -0.30942076 -0.4217828 -1.4082729 0.12882784 0.10767312 0.1817425 -0.38061422 0.04039647 
0.5552174 -0.09417549 0.479584 0.82476777 0.94207054 -0.05611774 0.4994255 0.49502048 2.6918635 -1.9728025 -1.0159485 0.9720957 -0.06930302 -0.12588523 0.5360987 0.8719217 1.2054812 -3.1023 0.4486899 -0.98176813 0.09437995 -0.1196135 1.5317956 0.26844978 -0.26645842 1.0180547 -2.5008094 0.09090398 -0.47021857 2.0760348 -0.72285205 -0.74192333 -1.1734793 1.5491123 -0.5957788 -0.06996093 0.37155822 -0.31317365 -0.40951297 0.21386845 3.0397618 -0.16697697 
-0.08770358 -0.47358316 0.026001098 -0.41739386 0.3230975 -0.84246 -0.047596227 0.042061176 0.0047947126 0.042551633 0.30944228 -0.19154297 -0.16137013 -0.29486102 -0.70238966 -1.1301104 0.22201544 -1.8724846 -0.08968266 0.3100235 -0.43004632 -0.492834 -0.6979903 2.4170778 -0.32092756 -1.9449368 -1.2945656 2.9129124 -0.79697615 -0.82110083 -2.825343 -0.74529076 1.5681348 -0.30655906 1.1195991 -0.09177404 3.2359917 1.0880476 -0.42850086 -0.5946782 1.3869586 0.73652995 
-0.44550025 0.6587076 -0.6296765 -0.3756244 -2.013685 1.265998 -0.36088502 -0.67207396 -0.36614364 0.21665643 1.9188684 2.0199792 -1.0580478 -0.20801555 -0.45670253 0.748176 -1.1356 -0.1381505 0.7541945 -0.82561207 0.25898597 0.014992336 -2.1130128 5.432721 -0.21390244 -2.3260596 1.7514046 0.8763473 -0.35952577 2.9064991 0.8911666 -0.5572366 -1.7925932 -1.3540429 -0.21516244 -0.012228927 -0.647235 -0.84351754 -0.22215347 -2.1411452 -0.35237727 0.35401368 
0.0033094094 0.08511475 -0.12962677 -0.16133295 0.5754854 0.5175616 0.28459308 -0.07656796 -0.930474 -0.56090355 0.6386972 -0.61307883 -0.3679066 0.99845076 0.6083072 0.80123335 6.885068 -1.4875225 1.3052361 0.28699034 3.1156151 -0.15129559 -0.59377205 -2.0449526 -0.6992764 1.8802359 -2.9036114 -1.9686313 -0.15543342 1.038935 -1.3653328 -1.2568725 -0.32408953 0.6807693 0.3590286 -0.13115071 0.10714627 0.22168301 -0.5292595 -1.3989528 0.14030299 -0.46380553 
-0.81688464 1.0123684 0.12656443 -0.92585325 0.49216715 -0.30493414 -0.44019142 0.43445474 -1.6653924 3.852299 0.69327134 -0.01421905 0.34533894 -0.54212767 0.900666 -0.48427626 1.9752916 1.464638 -0.8020423 -0.8995403 0.70654434 -0.6607787 -0.8997696 -2.8401687 -0.61309713 1.7855889 -1.2611433 0.16598149 0.68044484 0.030823205 -0.6878331 -0.96902084 -0.7949465 -1.842677 -0.68063766 1.2639048 -0.3339871 1.1088614 -0.048516285 -0.5665246 -1.0947722 -0.61299795 
-0.1984814 -0.043593187 -0.2716914 -2.0593238 -0.028375097 1.1565039 -0.38132295 0.8808419 -0.9107948 0.39751342 -0.56995034 -0.22992876 -0.41133532 -0.08526373 -1.1207106 -0.05687542 0.70450306 2.3808937 -2.004098 -0.34947148 0.6626315 1.1160479 -0.9181652 -2.8376143 -0.0022620838 0.36866054 -0.70946825 2.2430134 1.780268 0.10805623 1.4079574 -0.05261574 -0.1269263 -0.058509883 -1.0054276 0.13807341 0.87585086 -1.1761461 -0.2059163 -0.5791366 -0.31642392 -0.6111489 
0.016598267 0.19666024 -0.17271948 0.06561701 0.0685749 0.23472415 -0.068949215 -0.043270946 -0.061560135 0.11473824 0.060910504 0.17921647 -0.22516385 -0.10006852 -0.0275043 0.16911702 0.004307963 0.1836078 0.03416283 0.0326895 -0.10056711 0.043093286 0.040833812 -0.022889666 -0.0067346087 -0.5653837 -0.24594763 -0.046587188 0.021449775 -0.1648396 -0.20749329 -0.17096752 0.045884486 -0.09482517 0.031211827 0.08749955 -0.039467417 0.4026905 -0.034360435 -0.11591189 -0.31256467 -0.13827437 
0.12491574 -0.047830664 -0.31973025 0.21877597 0.15486766 -0.008484601 0.14464167 -0.0844813 -0.3046841 0.4427115 -1.5390229 -0.8980529 1.3219805 0.069749795 -0.21457933 0.7533259 0.45121264 -2.9208684 -0.16215311 0.16877061 -0.28269446 -1.4773546 -4.266935 0.29086444 -0.067034945 -1.034026 -1.6414205 -0.48193696 0.68841213 3.1913674 0.3456829 0.24290854 -0.9375206 0.76333153 -1.9140182 -0.4796544 1.387073 -2.7824492 0.71035576 5.2942824 1.810359 -0.8697071 
-0.023743022 0.53710914 -0.13039887 -0.4759843 -0.44234788 -0.7986914 -0.066400886 -0.33705425 -0.017949365 -0.569149 0.7957516 0.16308378 0.6436922 -0.07927498 -0.7613294 -0.17584828 -0.2810906 1.8779628 1.9969276 -0.29839537 -0.3015274 0.51851135 -2.8969336 1.2319452 -0.13984026 1.5030437 -0.3168076 -0.88308036 0.029373007 0.71549064 -2.6621485 -0.91038436 0.31892243 0.22289114 0.05847851 0.6219582 -0.51655483 0.4373685 -0.27594042 -1.1519631 0.83972245 -0.20917349 
-0.14966108 -0.45713472 0.8741561 0.057679545 1.5125881 1.1020437 -0.07365795 -0.54880327 0.38481292 -0.62205493 0.75300586 0.2481536 -0.54646665 -0.6019173 -1.5368925 0.5462918 -0.5965087 -1.2416682 0.820895 0.5027519 -0.38886702 0.05345101 0.9157807 -0.108474575 -1.0987374 4.9194384 -3.2727854 0.28963274 -0.23140155 -0.6951265 -2.2351162 -2.272465 0.13268791 1.6935642 -0.2320848 -0.6409166 -0.23453254 3.0641906 -0.61905277 -2.0045362 1.3300371 -0.3449074 
0.08464047 -0.055136867 -0.025670037 0.13919657 -0.052484997 -0.07289047 -0.14109656 -0.12659079 -0.032678984 -0.050898466 -0.018922048 -0.06889998 -0.13773078 0.13597737 -0.07838524 0.11565736 0.08634113 -0.019476358 0.04328939 0.15755136 -0.15301451 -0.13193862 -0.073018394 -0.049314436 -0.008011098 0.08776871 -0.10785741 -0.016679026 0.090044014 -0.04165538 0.022464795 -0.05541394 -0.030393647 -0.14744492 0.024533173 -0.1005752 -0.13157125 0.04215248 -0.13610692 -0.07297367 -0.08392913 0.0682385 
-0.100609705 0.29972082 -0.10272738 -0.2141722 1.1011362 -0.42563108 -0.28302544 -0.16060537 -0.95677835 -1.3904045 0.48129842 -0.7096499 -0.5201336 -0.68696713 0.36168876 0.42538366 0.37772608 -1.9451728 -5.9858394 -0.20745009 0.23513041 -1.019971 2.0256083 -1.9107546 0.06497326 1.9310157 -0.6664946 -0.27304342 -0.12597026 -1.6396979 0.254549 -0.54998857 1.4297256 0.23271139 0.6231254 0.12803096 1.0225364 2.094811 0.13984413 1.47373 -0.19228491 -0.03544172 
-0.12409475 0.065627225 -0.095400445 0.08177449 -0.06269178 0.14006883 0.12523645 -0.0062838704 -0.033303652 0.1014681 -0.071832776 -0.109916195 -0.0032532662 0.06720407 -0.057031598 0.08631919 -0.01041659 -0.095681146 -0.16190343 0.09897616 0.023400662 -0.043127954 -0.12511177 -0.17975184 0.011409204 -0.074572876 0.12587047 -0.036994036 -0.13951325 -0.11909958 0.033165317 -0.13235952 -0.006836781 0.08973357 0.14056942 0.12024438 0.054003175 -0.07952288 -0.036547378 -0.045449965 -0.1495417 0.115423195 
0.6433095 0.054648083 0.82107437 0.0030593893 1.2327334 0.09387971 0.6945491 0.19883934 -0.3255333 1.144156 1.2653762 0.3776052 2.033098 1.5175552 1.169223 -0.8276798 -0.37070554 -2.2788565 2.2607107 -0.34518003 -0.14200303 -0.5892265 3.1072881 0.8309511 -0.37922072 -0.7913354 2.6282952 0.7450506 0.4825973 -0.63793874 -1.8889569 -1.0277532 -0.88872665 -0.90085655 0.34694704 -0.6258104 -0.5600596 0.24657267 -0.5715388 -0.72672606 -0.4679384 -0.4459051 
0.032066666 -0.093711235 -0.108374976 -0.09748224 0.031114558 0.14963074 -0.025805753 -0.10468033 0.0036944926 0.0040270984 0.055830143 -0.1440335 0.08404639 0.0075994167 -0.011497634 0.12236597 -0.03667046 -0.13631283 0.06997679 0.066248596 0.14433509 0.09285796 -0.10780737 -0.01477602 0.074385606 -0.13088228 0.05928661 0.14260831 0.069615416 -0.13189559 -0.028165873 -0.08481091 -0.12778927 -0.11792642 -0.08606992 0.14244309 -0.020888247 0.07232278 0.07045368 -0.09357829 0.02503285 -0.13341427 
-0.1456888 0.04501015 -0.042664137 -0.07382219 -0.0717271 0.08514154 -0.020023018 0.134696 0.060493648 0.050191958 0.06358237 -0.12539437 0.14385742 -0.15076794 0.072654605 0.03107556 -0.15942182 -0.09645068 -0.07119462 0.10170363 0.015982887 -0.12025848 0.00620239 0.083345994 0.0570318 -0.15374164 0.10535449 0.12245775 -0.00031315003 0.06729231 -0.09591071 -0.16115464 -0.03418709 -0.14659388 -0.0928811 0.081076175 -0.14581518 0.071383774 -0.04911594 0.030623145 -0.045802504 -0.10996726 
-0.10709938 -0.021816675 0.06476266 0.036799084 0.119830295 0.0883359 0.05247958 -0.15227088 0.04227114 -0.07283038 0.0062215063 -0.038650192 0.058262892 0.08655905 -0.055573918 -0.023443384 0.061423454 -0.021785114 0.07317293 0.12744932 0.111279845 0.024859533 0.080155395 -0.07330227 -0.22193605 -0.21062994 -0.099832386 0.13551643 0.10659191 -0.158154 0.064981945 -0.112698056 -0.03952784 -0.12261565 0.062387932 -0.13531229 -0.02245389 0.027655393 0.038135998 -0.10922895 0.010322963 -0.065964304 
-0.055242456 -0.23971714 0.84521985 -0.15158767 1.3678201 -0.11566917 0.063842975 -0.21367814 0.5244749 -3.2266028 0.9893953 -0.20260793 0.95543534 -0.11361783 -0.5191997 -0.7682361 -1.176413 -2.450888 7.325636 0.30596748 0.70768934 -0.54356563 -1.4868654 -2.5145528 0.13831069 -1.8488873 -0.15873975 -0.2728659 -0.36846125 0.3965922 -1.118432 -0.36261216 1.5192368 0.2645968 -0.24323435 0.48624602 -0.6619316 0.15800776 -0.2833901 2.0706923 -0.03255587 0.1477888 
-0.049150407 0.0040757773 0.086885564 -0.0800802 0.11201039 -0.08324456 0.002365343 -0.12743248 -0.07115421 -0.07631656 -0.14615984 -0.057646003 -0.11995469 -0.0021952332 0.10855007 0.009876391 -0.14646941 0.059550423 0.1391553 0.08415619 0.0911513 -0.14573205 0.08391846 -0.050430007 0.012646688 -0.040145922 0.0686862 -0.07954926 0.098037146 0.11548331 -0.10772736 0.022299472 0.024757933 -0.022394884 0.12905754 0.15025367 -0.038127095 -0.15593247 -0.08121843 -0.14778864 -0.11680288 -0.12937877 
0.09133688 -0.13648005 0.11502439 -0.48026854 -0.17355812 -0.30265707 -0.6283322 -0.18588118 -0.09077774 0.12301645 0.6818075 -0.16712524 -0.52755684 -0.006237623 0.28939524 -0.060664114 -0.47800502 -0.12864013 0.07485694 0.051939163 -0.059683528 -0.16662778 
-1.0766473 1.484796 1.3595119 0.64104 0.95685303 -0.7662119 -2.3838358 1.4863521 0.9750015 -0.1630489 0.8475727 1.1394911 -1.5537003 -0.040903077 0.63151073 0.12547736 -1.455237 0.060067326 0.0312886 0.17022038 -1.2229979 -0.12623186 
0.9621373 -0.6183819 0.36941013 -0.8673431 -0.8115295 1.0664016 1.0178198 0.51206535 -0.4101323 0.3883845 2.043262 0.05429774 1.3079392 0.08562215 1.4700222 -0.10289677 0.5561425 -0.05405661 0.03979345 0.21076608 0.9897273 0.096062824 
0.43850854 -0.9335191 -1.915359 0.66601425 -0.21711302 -0.5088718 1.7176448 -1.8813897 -0.69764465 -0.19768748 -3.2405207 -1.1433108 -0.21753734 -0.1691889 -2.3040462 0.16733713 0.9300482 0.118309535 -0.06979372 -0.12810177 0.03239082 0.19006775 
0.5460318 -1.2569253 0.6135996 
