42 22 3
0
0.059331834 -0.04847011 0.10925032 -0.053846024 -0.12839554 -0.0023680297 0.018401634 0.06161301 -0.11637129 -0.1523448 0.1090199 0.09250503 0.12387221 0.1007089 0.055888414 0.025785893 -0.016911976 0.047346972 0.12753572 -0.07320758 -0.0056440393 -0.14770405 -0.042173717 -0.0062162937 -0.15291975 -0.0546631 -0.10083957 0.025019778 -0.014275357 -0.11297907 -0.120928496 0.0011873686 -0.15156491 -0.06808621 -0.024666209 -0.13388138 -0.018930998 -0.18737604 -0.09175828 0.0062657446 -0.009665101 -0.09294137 
0.08345748 0.100714326 0.0072787367 -0.1600806 0.07472342 -0.023521464 0.0038642657 -0.09750575 0.14296025 -0.108368024 0.0579017 -0.10414099 -0.046286948 0.11252057 0.015067653 -0.02922192 -0.08102935 0.30358693 0.03732931 -0.047387432 -0.15360893 0.09132414 -0.3065989 0.3137414 0.20902966 0.121934526 0.03701336 0.12944698 -0.081778646 0.01679703 0.24645495 0.09890632 0.23105918 0.06362609 -0.193203 0.01737781 0.08318517 0.054693058 -0.0055908803 -0.43008146 -0.066389635 -0.03194605 
-0.13215916 0.038077697 -0.0773413 -0.04643658 0.22615907 0.03880215 0.19554298 -0.22876999 0.2956645 -0.3271723 -0.032684367 0.22045064 -0.30322614 0.09635307 -0.10943814 -0.73908734 -0.12920168 0.2065093 0.07311789 0.5766341 -0.31745765 -0.08684444 -3.319493 1.2219932 0.56139356 1.987691 -6.587511 1.1057785 -0.120365985 -0.28677613 -0.16953985 1.4723078 -1.3037707 0.5174784 -1.1856074 0.01603149 0.046715282 -0.3618024 0.7771471 -1.1597886 1.1857157 -0.5852616 
0.007139106 0.102434315 -0.006055819 -0.016184 -0.0216882 -0.020263627 -0.04795665 -0.06506506 -0.04480287 -0.13270734 -0.14207216 -0.13629575 0.044518594 -0.106866196 0.12574604 -0.11696111 0.1091193 -0.0029107686 0.06705421 0.035473935 0.055045724 0.022589017 0.072827235 0.08843147 -0.018637469 -0.15084681 0.08836643 -0.12101899 -0.15046264 0.12694533 0.12526304 -0.0969762 0.018410495 -0.12692277 0.103413194 0.1596755 0.022023926 -0.07040021 0.0265559 -0.1768077 -0.06349818 -0.017869176 
-0.08298882 -0.009892694 0.06679371 0.003837452 0.03549512 0.074599095 -0.038001478 -0.026861811 -0.04445259 0.0732876 0.05429672 0.0019028997 0.12923852 -0.002107199 0.022533625 -0.1086554 -0.034989826 -0.13090748 0.06990593 -0.04574817 -0.06937957 -0.06497284 0.03996291 0.055979416 -0.05824092 -0.042509075 -0.114035256 -0.0015052025 0.05262903 -0.10702549 0.0015174443 -0.10575215 -0.020074038 -0.038771395 -0.045989737 0.16177356 0.07562787 0.06831742 -0.117383465 -0.108829714 -0.10088332 0.1288536 
-0.03730856 -0.14701882 -0.15414159 0.070346564 -0.09706278 -0.043127514 0.117838845 0.03274478 0.06507929 -0.02725336 -0.029516138 -0.14756241 -0.14681573 -0.05188383 -0.016147882 -0.07294801 -0.046827674 0.03387125 0.0040068477 0.0885043 -0.03484542 0.13949488 0.09393728 0.094848484 -0.068458766 -0.121175274 -0.018838346 -0.13343816 -0.054641984 0.04879093 -0.13052243 -0.1159802 -0.071840465 0.12410419 0.06543937 0.121078745 -0.10023471 -0.11193702 -0.10915814 -0.121213794 -0.09680712 -0.11714606 
0.42477155 -0.040783715 0.025593173 0.1807775 0.30033246 0.4097323 -0.08358083 -0.068421274 -0.20753108 -0.042699177 -0.06567395 0.90596914 -0.18691717 -0.2645468 0.10084277 -0.378231 1.0032007 -0.44348612 -0.7784496 0.50905025 0.49199966 -0.18560152 3.0534108 -1.4322675 -0.19511116 -0.29954657 1.064736 -1.5980316 0.5108727 0.6494641 0.1042062 -0.11699624 -2.3062162 0.058926992 -1.3478765 0.04235352 0.12360783 0.22348292 0.0008232013 2.739199 2.5678086 -0.599712 
-0.08399156 -0.21194384 -0.11815772 -1.0720595 -0.028514931 1.0118413 -0.58064973 0.044326153 0.20099428 1.2743993 -0.67654735 0.20569707 0.17458574 -0.060156524 0.016294332 0.02560781 0.68127805 -0.6974664 -0.2870755 0.8054475 -0.3995445 0.38519347 -1.3356858 1.6656151 0.2212728 -0.17807928 -2.3141677 0.42493817 0.03900278 2.0568285 0.025184825 0.51518476 1.2011255 -0.080870986 0.9424192 0.3241188 0.18911906 -0.4336431 0.30145398 -0.5650511 0.68670267 -0.91084456 
-0.078749895 0.04684599 0.21906795 -0.43408158 -0.022942403 0.0980882 -0.14682776 -0.2356587 0.19248708 -0.08485598 -0.6913347 -1.4284658 0.11259611 0.062415063 -0.072544314 0.038760304 -0.14583656 -0.10259472 -1.5490776 -0.09290967 -0.36887673 -0.106563635 -0.17854682 -1.4385976 0.5272722 0.009932187 0.2733559 -1.1387835 0.048826985 0.9126797 -0.34425575 0.8691736 -1.5163248 0.37205797 1.4696281 0.25232765 -0.099720895 0.06395493 0.49302182 1.0838475 1.2419834 -0.08546799 
-0.1338099 -0.15527074 0.19531785 -0.6017901 0.18064395 -0.5481637 0.28908804 0.12814803 0.069408014 0.11260198 0.4456689 -0.5890154 -0.0035692663 0.23682058 0.094002604 0.3336923 -1.5099206 1.4462864 -0.1742045 0.7404592 0.08979882 0.015583575 -3.0351229 1.4047647 0.45719814 0.35303038 -0.04119005 0.9495795 -0.2984107 -0.80130124 0.24627529 0.97405237 1.568933 0.15504509 -0.5801442 -0.18346412 -0.85721993 -0.11187515 0.32913166 -2.3296323 0.5871014 -1.2504853 
0.06810559 0.37665763 0.6073031 -0.057240758 -0.42174017 -0.30097952 0.30000874 -0.15966237 0.23051511 0.24170218 0.1290416 -0.6139 0.32662073 0.22915173 0.023153484 0.7784075 -0.9140294 0.24023502 0.05623117 1.2615004 -0.7586468 -0.87856734 3.150246 1.1495591 -0.094965115 -2.3700304 1.1468775 0.27629685 -0.7137798 0.44470713 -0.5464438 -0.32113296 0.066823006 0.19250566 -1.1915575 0.0807369 -0.8390862 -0.080464356 -0.2970335 0.636811 1.6285119 0.55708194 
0.14151321 -0.079778284 0.08176087 0.11750262 -0.065535456 -0.048776962 -0.05471801 -0.026652709 0.09812461 -0.11046698 -0.017724063 -0.08636111 -0.04286243 0.14351122 0.07371776 -0.07379536 0.06974077 -0.044158813 -0.06205921 0.0011522498 0.13859399 -0.00056650455 0.028544392 -0.13252643 0.13563123 -0.13584043 -0.124281935 -0.065273724 0.007990062 -0.14290822 -0.033540014 -0.075747445 -0.010235388 -0.12096308 -0.0019191218 -0.12742557 0.009038274 0.08100507 -0.14973004 -0.116723254 0.10988954 -0.037228756 
0.4647508 -0.38847053 -0.062466342 0.12476614 -0.19478633 -0.3149409 0.002808494 0.4629176 -0.07143326 0.39548287 0.13817257 1.0981324 -0.18401206 0.23474592 0.72915983 -0.43020016 0.4053363 -0.123619296 -0.41654852 -1.3432536 -0.67433167 0.93997437 0.5500213 0.6623058 0.18673398 0.5373885 -0.5326636 -0.19902156 0.29310912 1.4374613 0.91264856 0.46778134 -0.8762635 -2.4077268 -1.2203083 0.025459802 1.0512198 0.20547847 0.2084932 0.44544172 0.45144665 -0.98565024 
-0.10650013 0.06909247 -0.08180886 -0.01737998 -0.802256 -0.47587973 0.06108489 -0.05651864 0.25937387 -0.2755859 -0.042255428 0.55746484 -0.15233262 0.22194192 0.0335477 0.5518563 0.020929866 0.033320904 -0.99912864 -0.09702972 -0.32246003 0.6268778 0.7251959 -1.0787871 -0.12189245 -0.94587296 0.67067957 0.42776245 0.7618257 0.35461065 0.16314888 0.16816376 0.85229087 -0.4520225 -0.49075866 -0.17468266 1.57914 0.20524858 0.1743704 0.10350867 -0.65375465 -0.30426937 
0.004748389 -0.08285797 -0.1455799 -0.04610417 -0.13693282 -0.023000687 -0.099853545 0.14990135 -0.13344555 -0.10040736 -0.15393573 -0.037129007 -0.03556317 -0.00759542 0.01960805 0.010958225 -0.034622386 0.023945259 0.06330819 -0.0041112453 0.012547895 -0.07839523 -0.14439826 0.06389397 0.008868633 -0.08581081 0.016875133 -0.09455193 -0.07526452 -0.062146008 0.10056312 -0.17340197 0.02067753 -0.13458975 0.10242749 -0.15872282 -0.018266706 0.08251917 -0.15379222 -0.13892809 -0.13301122 -0.06651564 
0.28294313 -0.26172522 -0.1525432 -0.7590888 -0.28797102 0.28938863 0.3098356 0.15119536 -0.31309253 -0.117115535 0.92171216 0.6691253 -0.22974624 0.2551282 0.13691716 -0.21295515 -0.13989751 -0.38587454 -0.10646735 -0.3705852 1.0037278 -0.13561754 1.1896005 0.63478756 0.21999972 -2.3828561 0.89609873 2.800517 0.42189127 -0.65605766 0.0460797 0.56958765 -1.7192508 -2.9200013 1.8270454 -0.3973579 -1.3758343 1.6602916 0.2111977 1.5331291 -1.1253694 -0.72330964 
-0.052036583 0.014948517 -0.13333055 -0.15675956 0.015621898 0.046893667 -0.05472949 0.042878523 0.023318961 -0.0619378 0.10228895 0.062113434 -0.056605197 0.12731145 0.06500423 0.047826 0.107489996 -0.15613905 -0.05418449 -0.073354594 -0.002690118 -0.07899911 0.047676887 -0.015945962 -0.058943216 -0.16581585 0.07164778 -0.03742625 -0.07556725 -0.13763243 -0.24004464 -0.17424838 -0.023509156 -0.13426442 -0.043733764 -0.1394603 -0.111431174 -0.21347313 0.011077303 -0.22614442 -0.2579638 -0.21536724 
-0.10829656 -0.041183818 -0.10605708 0.3228679 0.071344376 -0.121030174 0.02901971 0.09403441 0.15121739 -0.22619446 -0.19548309 -0.1743037 -0.071105294 -0.0975784 -0.07085956 -0.11888359 -0.12518537 0.06902804 -0.0731257 0.19528036 -0.2551272 0.11176963 -0.8085372 0.33848652 -0.0005272437 0.26122501 0.056922667 0.1952008 -0.18882613 -0.14740147 0.2623591 0.16605204 0.1885792 -0.041798294 0.13555518 -0.15669593 0.11065934 0.032952446 0.07130148 -0.5566277 -0.03816684 0.06002522 
0.11478563 0.035776764 -0.13436359 -0.094087996 0.1450664 -0.0532809 0.019580822 -0.14228186 -0.03607168 -0.14467685 0.119290456 -0.14118075 -0.11133121 0.05347407 0.0043573873 -0.004689068 -0.03200748 -0.12500188 0.034265764 -0.069082186 0.03538582 0.09714761 0.06962947 -0.010793188 -0.042189162 -0.13174915 0.0057349405 -0.13890684 -0.074110895 0.015833693 0.02051138 0.016704129 0.012999301 0.069957286 0.042298675 -0.036087703 0.015819067 -0.15874851 -0.06879296 0.09235402 0.056218512 -0.11014097 
0.34572718 0.19349442 0.3042955 -0.72726816 0.34329787 0.15081456 0.13775712 -0.019581882 -0.4285032 0.295337 0.32954264 0.8343928 -0.53460574 0.013909652 0.082404934 0.1567805 0.3716171 1.024207 3.27341 -0.9916217 -1.0676488 -0.28877577 1.2796336 -0.3073618 -0.36220083 1.1154083 -1.8106772 -0.7978629 -0.7042971 0.066394456 1.1543074 -0.6466658 3.8645048 -1.2649668 -0.9929823 0.25708446 0.66078454 -0.7257874 -0.4893367 0.53393674 -1.054648 -0.3517618 
-0.30389214 -0.2263117 0.25329724 0.2667867 0.028970186 -0.46833768 0.015335768 0.10627247 0.043581486 -0.61197543 0.8727191 -0.5495086 0.0993537 0.18833297 -0.5855783 0.57031804 0.1442065 -0.3071238 -0.3687976 0.27130562 0.56448895 -0.13848077 -0.4353349 2.1585157 -0.8253151 0.69704705 5.556786 -0.19187802 -0.19055766 -0.33902276 0.42887247 -1.7805543 0.6107263 -1.3306091 0.9042686 -0.20844644 -0.3707106 -0.70073 -0.88643664 -1.7442255 2.2510767 0.9661465 
-0.051489472 0.14277035 0.101174586 0.13516198 0.1324281 -0.0075697945 0.06645905 0.003942108 0.13894331 -0.013314228 -0.06079801 0.08781071 0.14424352 0.107657485 0.14979045 -0.0010098994 -0.052263852 -0.038897004 -0.034199446 0.09264459 0.04376808 -0.001168343 0.1205457 0.09731005 -0.13799675 -0.03615829 -0.10066062 0.016084133 -0.14330615 0.080700696 -0.08782039 -0.040306907 -0.14010657 -0.09467166 -0.11272676 0.044068616 0.0039139953 -0.10187442 -0.047102265 0.040844124 -0.003668872 -0.11581604 
-0.054740194 0.23533717 0.7450784 0.075352706 0.10245557 0.007529855 -0.16462103 0.23745538 0.4888965 0.56140393 -0.18485925 -0.13252988 0.21045269 -0.056358103 -0.00719986 0.28800514 -0.11177178 0.20254341 0.058847625 -0.2695667 -0.69196695 -0.021616792 
-0.123087466 0.36729464 3.8989916 -0.01904642 -0.005030539 0.192949 -1.1388932 2.0786767 -1.7020389 1.8754807 -2.3146648 -0.19490047 2.3532789 1.7186148 -0.10549792 -1.8775505 0.013126166 0.7206638 -0.14688544 -2.2710257 2.4603467 0.07178893 
0.1199031 0.24166995 -3.943436 -0.02718647 0.1493602 0.14642474 1.6465033 -1.5605335 1.8341041 -1.5854552 2.9452755 0.07260397 -2.3130329 -1.7956442 -0.20807353 2.114743 -0.05326554 0.028371742 -0.13835223 2.4470913 -2.2658467 0.016182737 
0.016114086 -0.73815924 -0.44506082 -0.124274425 0.115104556 0.06433883 -0.644247 -0.45563495 -0.5057242 -0.2210889 -0.53709847 -0.18335068 -0.24543302 -0.06461581 0.16380307 -0.12323985 -0.11758829 -0.38485545 -0.0015267947 -0.08373097 0.011045299 0.06390521 
0.7849897 0.024839992 -1.0264275 
