42 22 3
0
0.020139212 -0.10500846 0.12606415 0.032063723 -0.053814705 -0.108276285 -0.12975326 -0.0313154 -0.11401061 -0.18053946 -0.09786576 -0.059828293 -0.1962692 -0.07971253 -0.039518647 -0.0014212328 0.02043036 -0.078809895 -0.1541213 -0.045617968 -0.17550358 -0.15768446 -0.018093724 -0.07502486 0.16195272 0.17908968 0.06168946 -0.19233641 -0.23669718 -0.3788652 -0.019514954 -0.07294514 -0.06714613 -0.033669367 -0.0066305855 0.22348866 0.63990086 -0.045339566 -0.02060085 -0.042882755 0.30714276 0.73184866 
-0.04683841 -0.026563033 -0.25400442 -0.136407 -0.12746036 0.10863147 -0.05139351 -0.1934583 -0.15722415 -0.17332983 -0.43914956 -0.55838186 -0.03321478 -0.17074487 -0.33206606 -0.2873565 -0.062032174 -0.11949373 0.06626674 0.18980005 0.7063023 -0.051629208 -0.32228664 -0.06720583 0.3855148 0.276972 0.328216 -0.3796508 0.5025661 -0.10910017 -0.054953862 -0.35459933 0.12574908 0.14343591 -0.50549906 -0.032132912 0.024635315 -0.5000169 -0.1717199 0.06696316 -0.025296042 1.7229724 
0.013364358 0.03899517 0.040179435 0.08233278 -0.02499646 -0.054430056 0.08084676 -0.0028057857 0.1345654 -0.1088397 -0.020036902 -0.0143487565 -0.13323033 -0.0017467891 -0.07838565 -0.13644402 0.02340924 -0.033534683 -0.1757875 -0.13191451 0.06265788 0.094439834 -0.1012159 0.037593815 0.07127427 0.049234223 0.04632477 -0.09126855 0.0008783655 -0.035225905 -0.058343966 -0.07620782 0.042309336 0.05448783 -0.07917597 -0.121333204 -0.23121044 -0.22296816 -0.0038197555 -0.059484713 -0.13290025 -0.064966574 
0.06684695 -0.24796793 0.024130834 -0.5964091 -0.09342568 -0.2996237 0.25367668 -0.10782286 0.10953948 0.043037076 -0.48638287 -0.26760158 -0.21941839 -0.031904146 0.1055232 -0.38501775 -0.2248731 -0.5125625 -0.4566908 -0.37459168 -0.017520852 -0.034706756 0.29569376 0.1949918 -0.18830653 -0.16165236 -0.50875956 -0.009115713 0.053063706 -0.53645843 1.4586732 -0.34590554 0.48704696 -0.35755894 -0.117702514 -0.27333432 -0.022976577 -0.43428499 0.23825267 0.11005386 -0.01962742 -0.48270822 
0.2391348 0.28036776 0.19334139 0.26360768 0.13759734 0.28891087 -0.2362185 -0.15437682 0.19043939 0.022844743 -0.24081281 -0.10713446 0.20874405 0.3679874 -0.047643762 -0.0489107 0.34022653 -0.44272828 -0.014348498 -0.055876274 -0.48129845 0.17482701 0.042826835 -0.055343498 0.1928512 -0.24419925 0.27434278 0.48097062 1.2032771 -0.26926097 -0.24959753 -0.95804733 -0.029685318 -0.22274436 0.54770136 0.3144557 0.8666753 0.5678404 -0.23010859 0.36632234 0.74936473 -0.20631789 
-0.018803252 0.10051628 0.060938474 0.020973237 0.08364555 0.1436402 0.10631049 0.13464239 -0.21876496 0.1228781 0.018229065 0.060170807 -0.043745186 -0.19347537 0.05543431 -0.096765265 0.14330268 0.07229624 0.006876549 0.13533765 -0.17972599 -0.09137217 -0.18419656 0.46799302 -0.18193415 0.09875794 0.1961692 -0.09734183 -0.024121776 -0.020904573 0.024633577 -0.21841459 -0.046688084 0.1690307 -0.106458694 -0.23259161 -0.17529066 -0.11451106 -0.10387959 -0.076609634 0.022459604 0.078594245 
0.033508215 -0.07664844 0.13762455 -0.032315925 0.04183143 -0.0024614031 -0.051774208 -0.043780327 -0.025830258 0.025851471 0.08024203 -0.03853137 0.053441674 0.050438806 0.009700538 0.076518044 -0.00367056 0.102645814 0.016791802 0.14635055 -0.13060345 -0.0018540756 0.012267092 0.00941257 0.034586042 -0.08952279 0.050032753 -0.14988452 -0.07619344 0.0011544232 -0.03816513 0.2624105 0.21066964 -0.17899685 -0.025033161 -0.08185049 0.046952564 -0.2170213 0.017853428 -0.1204754 -0.19847429 -0.18806545 
0.02646125 0.12599249 0.18853158 -0.090823635 0.03234503 0.093041494 0.17457773 0.015648449 -0.066782214 0.4139977 -0.23355602 -0.031932216 -0.077076465 0.100163706 -0.19873421 0.19403306 0.31568184 0.37071493 0.09381492 -0.23414794 0.13988122 0.050985195 0.6963884 0.39393386 0.74462265 -0.08983855 -0.5404791 -0.30543596 -0.36114663 -0.21686576 -0.27311718 1.0488011 -0.19156857 -0.34321994 -0.18129115 -0.024310594 -0.15871182 -0.4434644 -0.45883444 -0.16199376 0.17918794 -0.14688872 
-0.25905278 0.165276 -0.10848907 -0.06364531 -0.018410707 0.14244126 0.45908535 -0.6145708 -0.23717728 -0.6031974 -0.21917559 -0.116559446 0.14422216 0.2541321 -0.044716723 -0.033499114 0.1170952 0.011704767 -0.11112547 -0.0530153 0.68183583 0.051267777 -0.3235097 0.10714396 -0.37515497 0.47336814 -0.07809066 0.12130343 -1.0279962 -0.59207374 0.081536904 0.6766024 0.114884056 0.13792953 0.16780823 1.6659625 -0.22469604 -0.2700701 -0.13185684 -0.28751436 -0.38138205 -0.4289858 
-0.06521841 -0.36839584 -0.25579357 -0.26747835 0.0987237 0.44152912 0.1733715 -0.05338864 0.79094094 -0.007266073 0.07080241 -0.17152555 0.014608028 -0.4787894 0.09462087 -0.854446 -0.34231314 0.7449818 0.31373748 -0.056016136 -0.13960418 -0.07989339 0.5146165 0.10111681 -0.36435223 -0.076385505 0.18229249 -0.38074306 -0.6871152 -0.18212216 -0.42595676 -0.0067287576 -0.013956007 -0.05426185 -0.043415107 -2.3552978 0.33592704 -0.027999328 0.22180364 -0.16744398 0.024383383 0.109755784 
0.67090374 0.033753097 0.13560295 -0.014422754 0.23226872 -0.40122646 -0.26077813 0.048499346 -0.23708631 -0.07885248 0.034489643 0.61921585 -0.2739509 -0.10022167 -0.4286486 0.011480531 -0.5363131 -0.21903384 -0.025636854 -0.011332671 -0.3331789 -0.18558437 0.020640591 0.25975284 -0.0392462 -0.45032373 -0.40556467 -0.42787847 -0.80195063 0.28360724 -0.08035178 -0.38488257 -0.16297443 -0.107815765 -0.277793 1.6112007 0.089943156 -0.13741475 0.06480536 -0.2719634 0.14901721 2.0080993 
-0.56027746 -0.2150495 -0.31489652 -0.12242792 0.36956358 -0.32586744 0.1152668 -0.57232916 -0.321567 -0.08416057 -0.076526925 0.42272785 -0.562951 -0.010074146 0.12261381 -0.20210838 -0.09006393 -0.13403581 0.0045172637 -0.20461184 0.18008904 0.2587285 0.36220628 -0.46373966 -0.26511794 0.10909969 0.12881754 -0.30473667 -0.16966006 -0.60001844 -0.4129541 -0.7155721 -0.6503019 -0.027294813 -0.006377716 -0.379262 0.14252484 -0.044348847 -2.5783088 0.21612425 0.031492833 -0.15246479 
-0.4493722 0.32232136 -0.058447614 0.14366604 0.6686861 0.6935385 -0.25896716 -0.33343545 0.3692546 -0.5359021 0.37567753 0.45756754 0.6484949 -0.4893159 -0.24621648 -0.42168033 -0.08975654 0.07484657 0.45637703 -0.18241057 -0.20021895 -0.078713395 -0.07392047 -0.6050335 -0.27334043 -0.07385074 -0.23151115 -0.019047761 0.1359009 -0.06326484 0.10248557 -0.25016916 0.27755 -0.15113308 -0.6825301 0.32373345 0.2186004 -0.41825908 -0.24192907 0.19637378 0.23392662 -2.7485883 
0.061877348 -0.12160404 0.1869472 -0.0052088876 -0.027428107 0.11499858 0.5754401 0.36049163 0.05272117 0.6424157 0.1578148 -0.21231207 -0.317431 0.29909068 -0.6334236 0.28069767 0.5642189 0.075964816 -0.010255704 -0.11041685 0.013547395 -0.0745934 -0.25706577 -0.5462939 -0.24775408 -0.22307369 0.11793068 0.12054926 -0.3499791 -0.014828541 0.2498536 -0.15561125 -0.24473746 -0.13718893 0.57782865 -1.6863256 0.09150405 -0.6453624 -0.26585898 0.49540317 1.0843022 0.44816405 
-0.04293577 0.12489072 -0.03531217 0.10861444 0.008741066 -0.09507299 0.12474292 0.12044691 -0.037463773 0.07114588 -0.14087282 0.07761378 -0.00036861317 0.015770687 0.06690949 0.050403256 0.050761484 -0.08142478 -0.13603033 0.09689359 -0.104579546 0.11327162 -0.024303364 0.00020322073 0.13387808 -0.15900584 0.028962849 0.16526489 -0.012539033 0.06627609 -0.11165198 0.2645231 -0.030164741 -0.145459 -0.14144716 -0.14453064 -0.05132076 -0.26393175 -0.051872026 0.14882252 -0.228182 -0.14110707 
-0.2988682 -0.18825245 0.123552136 -0.12057898 -0.106692106 -0.19500287 -0.2874141 -0.10681584 0.1439467 -0.1849503 0.05600106 -0.110492654 0.207548 -0.028346792 0.22977439 -0.106429026 -0.086412266 0.06701583 0.359679 -0.11434386 0.62662995 -0.17240398 -0.41011068 -0.3870351 0.051708218 0.13152899 -0.14060277 0.15855552 -0.20718054 -0.35707185 -0.843729 0.63734365 0.06631525 0.12314287 -0.21965827 -0.459513 -0.112397514 -0.61133367 1.886956 -0.5244714 -0.12955688 0.055167682 
-0.09223097 -0.062222853 -0.015069467 -0.054621376 -0.044623997 -0.0029908044 -0.15942025 0.05177575 0.05903367 0.12616053 0.0037610482 -0.025336258 -0.054126613 -0.15074477 -0.10392255 0.014437197 0.05992386 -0.13489601 -0.048212152 0.0046635685 -0.12090496 -0.30189753 0.07655212 -0.14116947 -0.23333852 0.065327965 -0.1664642 0.12310368 -0.05439923 -0.21273988 0.03419871 -0.099840894 -0.027920207 -0.17094864 -0.20773815 0.42724758 0.60416794 -0.0029812695 -0.18371624 -0.009220661 0.459311 0.36778307 
-0.042467635 0.008392122 0.028089482 0.3225008 0.08810452 -0.19429062 -0.06853784 -0.049519535 -0.31218976 -0.15416977 0.727474 -0.08748114 0.030953 -0.47098875 -0.646796 0.63333386 0.5255071 0.11217735 0.4451558 -0.011384521 0.104301825 -0.03442263 -0.20060351 -0.05510883 -0.46484762 0.93060076 -0.25896034 0.17824419 -0.18165629 -0.23091868 -0.0070357514 -1.4118135 1.7811786 0.12556246 0.14171097 -0.2694497 -0.14517814 -0.51013756 -0.5400861 -0.24987659 -0.14314371 -0.2691042 
0.32658827 0.11266284 0.16313143 -0.140822 0.061321717 0.12822019 -0.017125374 0.11359566 0.08681273 -0.037052024 0.10418306 -0.005997486 0.004654025 0.16017605 0.15889654 -0.48380792 -0.16007315 -0.15182823 -0.65629643 0.15879188 0.32810554 0.023656078 0.12948668 -0.4929793 -1.0233685 -0.6477862 -0.5058218 -0.4789817 -0.14092165 0.23266304 -0.5605845 -0.4514644 -0.29253125 -0.2624882 -0.3706046 0.08874832 0.045844615 -0.49132746 0.6571635 0.01644661 0.33802086 0.13346498 
0.25936702 0.14341784 0.06856975 -0.3300929 -0.18439579 0.334327 0.015884329 0.08828091 0.0006791368 0.032988265 -0.19285278 0.0057668667 0.22396132 0.41495636 -0.27412462 0.031503968 -0.33269185 -0.27681994 -0.11513849 0.28524405 0.10946418 0.1982214 0.06104559 0.5447596 -0.32896602 -1.0281388 0.38336757 -0.032190204 -0.124388665 -0.5824126 -0.16167603 -0.35673124 -0.3283757 0.34817082 -0.021917304 -0.39082405 -0.2360778 0.2741544 1.0410879 -0.33281136 -0.252569 0.37129474 
-0.009722495 -0.005290734 0.0054204804 -0.016142542 -0.07618435 0.18201835 -0.10446312 -0.102568954 0.09044195 -0.21084131 -0.19281285 -0.07416305 0.15156779 0.08256445 0.13389805 0.15828171 0.06815671 -0.23784807 -0.012533552 -0.17203526 -0.038845412 0.13487479 -0.289492 0.03160321 0.000749268 -0.0107690655 0.028802805 0.116212875 0.3301058 -0.18478164 -0.18867679 -0.33909154 0.020021413 -0.29538557 0.19190763 0.5181764 0.28968862 0.110935435 0.07834215 -0.07104158 0.5413301 0.13791396 
0.1959698 -0.28293836 -0.2578024 0.0139135085 -0.020865748 -0.25338635 0.05106476 0.60765755 -0.3412367 -0.21323213 0.11561834 0.20264943 -0.36681998 0.3128701 -0.13487399 -0.57093316 -0.19813447 0.13421762 0.14644451 -0.38000038 0.30609816 -0.50492084 0.06369501 -0.0020636744 -0.15159746 -0.27088234 -0.08580757 -0.20133583 0.24689934 0.03141281 0.06131792 0.17664248 0.033039387 0.1637997 0.38229963 -0.9403909 -0.9476414 -0.29129106 -0.27311894 0.07586033 -0.82014817 0.29917902 
0.22653523 -0.8716188 -0.06785387 -0.36319032 -0.56071395 0.046262957 -0.03243225 0.3833662 -0.49865234 1.863261 -1.7783769 2.5572162 1.8064544 -0.44942153 0.06784309 0.7880438 0.07906805 0.650496 0.87554616 -0.3734128 0.101974614 0.7296603 
0.5898832 1.1554203 -0.16878703 -0.7897534 1.2452253 -0.32724297 0.13693354 -0.3130232 1.0704619 1.1244868 1.0830308 -1.8919103 1.5258397 1.0340497 0.1983874 -0.1958717 0.7218144 -1.2106925 -0.78096133 -0.61411697 0.6869272 0.8210344 
0.7797046 -0.9782108 -0.14813995 0.8490402 0.17349114 0.3653169 -0.44618952 1.0832195 -0.95466864 -1.4778557 -0.5564111 1.4159099 -1.7108362 -0.63456684 -0.30995858 1.3097125 0.6106584 1.2279592 0.9864284 0.92981446 0.2955729 -1.2313948 
-1.1895577 -0.3469007 -0.011593255 -0.23055708 -1.2472892 -0.1710232 -0.1693066 -0.39009884 -0.25494224 0.5425769 -0.7691789 0.55827296 0.50761133 -0.57176536 0.06716745 -1.0607513 -1.1480814 -0.0038036222 -0.37094408 -0.21688429 -0.983861 0.57796687 
-1.0808805 1.6918824 -0.9391921 
