42 22 3
0
0.14207643 -0.22647345 0.064507656 -0.004803898 -0.065602094 -0.106424935 0.09226631 -0.1627359 -0.094542526 0.18881842 -0.35998002 0.13476008 -0.04986837 -0.16035768 -0.8795376 0.468699 0.37917435 0.14591613 -0.100196175 0.14094299 0.42704976 0.37978148 -0.032858275 -0.62211883 -0.5076795 -0.96057904 0.009197939 0.1343893 0.23816632 0.21772586 -0.08925776 0.005691523 0.05279927 0.17083053 0.285326 -2.1999357 0.17158061 0.31249073 0.16487065 -0.1587344 -0.14840594 1.2409587 
0.012107797 0.038701944 0.4380487 0.39326423 0.015547034 0.24619798 0.12909155 -0.1194677 0.21942699 -0.005956574 -0.20732506 -0.023477564 0.24028239 0.62661666 -0.45601532 0.1390854 0.4899182 0.26242313 -0.26551235 0.046710752 -0.18598253 0.26477197 -0.45184496 -0.33727133 -0.4374157 0.1433621 0.54133207 0.1677187 0.07835999 0.21577574 -0.4240452 -0.38449448 -0.31993538 -0.36984882 0.81846684 -0.08639132 1.0253716 0.08011939 -0.18246932 0.54961973 1.1770725 0.08329413 
0.28527248 0.20397194 0.018661998 -0.5260833 0.08238039 0.19448355 -0.46442658 0.35761848 -0.023164963 -0.65706956 0.046539243 0.37101328 0.3035905 0.046116676 0.4629451 -0.5484411 -0.50458324 -0.14369835 0.17464387 -0.3429312 -0.96632963 -0.96597725 0.28437743 0.07273413 -0.07793774 -0.04891681 0.42413214 0.7069513 0.100726426 0.008446455 -0.009700398 0.03286143 -0.030543355 -0.021544918 -0.24859177 2.500591 0.04672167 -0.17689162 -0.11500815 -0.32240063 -0.33735973 -0.35535088 
0.11418078 0.041464373 -0.048438564 -0.12175263 -0.09966598 -0.021852812 -0.17270868 0.09355009 -0.16637427 0.06548896 -0.15847376 0.28941956 0.007195416 -0.20972809 -0.08729973 -0.08130568 0.35934117 0.78855264 -0.07132665 0.10970419 -0.22749911 0.054096308 -0.54120034 0.030308407 0.114851005 -0.3461072 -0.015722014 -0.23461792 -0.27320775 -0.37614164 0.8323589 0.43051112 0.49362195 -0.26300266 -0.5858851 -0.5787528 -0.4540551 -0.48677596 -0.28329796 0.18471459 -0.9191068 -0.7284043 
-0.18141797 0.202022 -0.26321694 0.13617857 0.31720045 0.4232216 0.04676803 -0.17675775 -0.21890247 -0.0856358 -0.23940547 -0.2683538 -0.41435343 0.15088919 -0.13647646 -0.37772632 0.45718232 0.4509937 0.6031351 -0.39012286 -0.08561751 -1.2109277 -0.9542292 -2.5213325 0.8155645 3.0633583 0.67633784 -1.2333177 0.14548665 -0.24142352 -0.619941 0.7172985 -0.4271636 -0.46102884 0.5757835 -0.9454745 -0.82255524 -0.20881686 -0.4431528 -0.3625356 -0.021876851 -0.31723392 
0.1525597 -0.07135985 0.0616525 0.034678005 -0.007080158 -0.11480005 -0.22537775 -0.21118446 -0.39882502 -0.03296952 0.08393417 -0.1251714 0.060050942 0.24849518 -0.32693055 -0.0947961 -0.096040115 -0.15547527 0.091805086 0.34452885 -0.68717885 -0.5442174 -0.24243215 0.6501284 -0.15918358 0.6780674 -0.14346221 0.09796905 -0.4167773 -0.6971589 0.7134586 0.51125765 0.95342755 0.23728512 -0.27323037 -0.2333778 -0.076987654 0.09585882 0.57238835 -0.5780703 -0.4773133 -0.12945837 
0.094020255 -0.19296128 0.2574866 -0.16857786 0.4436449 0.13726737 0.04809243 -0.15913686 -0.3851952 -0.1918546 0.2912891 0.4060116 0.024463978 -0.053449143 -0.08452206 -0.39442194 0.4270073 0.41049182 0.118804455 0.2723432 -0.26626164 -0.4136166 -0.3858924 -0.1488142 -0.52655643 0.71835876 -2.2809906 1.8315718 -0.04406593 -0.02151298 -0.40891525 0.4807205 -0.31665683 0.58134073 0.068735175 -1.2115692 0.36378467 -0.21144655 -1.037481 -0.31463534 1.2393721 -1.1761386 
0.040827643 -0.11855583 0.053372476 -0.09031582 0.13578686 -0.14439398 0.0014073562 0.3787276 -0.19925849 0.36681524 -0.26657245 0.22200043 -0.06105947 -0.40723768 -0.013446547 0.4849404 -0.5751464 0.7277846 -0.8444571 -0.014647033 -0.008948634 0.13962686 -0.843949 1.3989661 0.16622987 1.8760182 -0.610034 -0.6942339 -0.6098088 -0.19986458 -0.20828187 0.7880076 -1.2623477 -0.3339635 -0.06591915 -0.56323355 -0.7696013 0.052455477 -0.2179536 0.38747963 -1.5263311 -0.84625536 
-0.09832661 0.016223554 -0.48683104 0.23141634 -0.084035926 -0.55950207 0.03526083 -0.8793363 0.025711946 0.03881187 0.30726695 0.38830167 -0.491142 -0.48095462 -0.39928624 -0.060643297 0.18097426 -0.2938091 -0.05241433 0.28264922 -0.039328065 -0.27122468 -0.2683172 -0.1484745 0.59877884 -0.012677027 -0.41690874 -0.33692592 -0.30301777 -0.24221596 -0.08930777 -0.058760125 -0.30399737 0.09221892 0.14681995 0.13327715 0.00915607 0.048723888 -0.08067363 -0.0482186 0.46743664 2.2724807 
-0.50272787 0.2980053 -0.16151312 0.26074126 0.17975311 -0.09285574 0.31795734 -0.7006203 0.25574076 0.06286935 0.05430511 0.19599198 0.33955893 0.5721148 -0.18286374 0.06668497 -0.015849547 -0.20463784 0.2491973 -0.30634832 -0.270676 0.06143211 -0.8435056 -0.069790795 0.16493858 0.40593967 -0.6405155 0.2083389 0.13398907 -0.30401456 -0.4144277 -0.14405711 -0.30081967 -0.093775466 -0.6017433 1.2628947 0.6095788 0.49656618 -0.20930395 0.3094973 0.13676515 -2.3595846 
0.123388074 0.118880756 -0.13495755 0.11343048 -0.051388167 0.09085352 0.0700049 0.0020057494 -0.005688433 0.13252907 0.12931001 0.08989325 -0.16560215 0.11978503 0.11777614 0.060316484 -0.014920328 -0.14840704 -0.01692744 -0.13865706 -0.02712163 0.06359776 -0.1640824 -0.07432426 -0.09505706 -0.0849816 -0.16799584 -0.0031977473 -0.04679528 -0.09768808 -0.10828822 -0.11885023 -0.09751511 -0.0071225464 0.033452068 0.031401005 -0.13469847 -0.2535294 -0.23505513 -0.051331267 -0.022835257 -0.052852925 
0.054150533 -0.3682584 0.1490988 -0.14463705 0.35003978 -0.07062091 -0.18106593 -0.24751566 -0.13980396 -0.15869659 0.23816796 0.2057933 -0.020062037 -0.26254272 -0.4364963 0.13446611 -0.07202905 0.067778595 -0.09286462 -0.47589993 0.8558479 0.31579533 -0.29214987 -0.9400556 0.21645994 -0.19781657 -0.17301954 0.70544344 -0.3043952 -0.036348 -0.6986242 -0.16804221 -0.19647016 -0.9486435 -0.10495619 -0.073135264 0.10877482 -0.2800501 0.7782365 -0.15644203 -0.0004890141 0.21765369 
-0.08479931 0.23657186 0.05480893 0.0068611847 0.04311505 -0.00651023 0.20686084 -0.20375547 -0.23060675 -0.121514946 0.15719883 0.090665296 -0.16587187 0.15193345 0.031216277 -0.45981675 0.28308633 0.6522122 1.1284491 0.132219 0.17016658 -1.9678494 1.1815287 2.1295342 1.0241556 -1.9940448 0.101890974 0.1286337 -0.43759805 -0.11334685 -0.51767033 0.99382097 -2.1319158 -0.5116509 -0.27550697 -0.6275622 -1.0212346 0.86196256 -1.1145099 0.6959594 -1.0779916 -0.6986207 
-0.08215211 0.09270037 -0.04255189 0.12681065 -0.053035975 0.14588355 -0.0032562811 0.010755165 -0.069487855 0.12927023 -0.16386214 0.082701996 -0.11775518 0.07433778 -0.07068001 -0.134542 0.045212865 -0.07018096 -0.14307107 0.009967608 -0.097646035 0.027024884 0.07339105 -0.07663451 -0.2082939 0.010899831 0.0030298412 -0.09649058 0.01574083 0.00046731738 0.10149988 -0.006161862 0.045415755 -0.22299181 -0.02658289 -0.13748883 -0.13331275 -0.2701402 -0.18775393 -0.1722659 -0.03387933 0.0035241751 
-0.05677904 0.07244529 0.033658557 0.09849643 -0.23354371 -0.05033071 -0.053873852 -0.06936747 -0.24211052 -0.24257737 -0.035956115 0.34959254 -0.058307365 0.16297536 -0.025193775 -0.017085757 0.2906643 1.3899692 -0.18725407 -0.31947687 -0.18662213 -0.32181358 0.16059032 -1.0437796 0.18558596 -0.60273945 -0.21355721 -0.33912945 -0.027172264 0.07674188 -0.19168729 0.033439495 -0.0035167711 -0.13676736 -0.31767854 -2.1593914 0.39591798 -0.07243522 -0.11334772 -0.14569035 -0.07614925 -1.6904305 
-0.0655238 0.20009603 0.25277683 0.40859753 -0.4435746 0.14957583 0.1581807 -0.06281429 -0.13948247 0.15072127 -0.17335622 -0.45190942 0.1552199 -0.22480416 0.591917 0.22254929 0.012702607 0.35075057 -0.9165217 0.11206251 -0.64568853 -1.1324285 -0.42945436 0.22240444 0.024427056 -0.07638477 -0.07779976 0.022438494 -0.1986684 0.23456538 -1.247646 1.3100399 -1.1029793 0.96033674 -0.09424702 -0.21681811 -0.37323806 -0.13612722 1.2817631 -0.13140783 0.025754973 -0.011783683 
0.5580264 0.09250958 -0.5034044 -0.41547903 -0.20221643 -0.049940158 -0.05370951 0.7786383 0.3235512 -0.36705878 0.043067552 0.32667044 -0.40248558 0.4109113 -0.317673 -0.6292681 -0.30544764 0.07166902 0.093514785 0.07523579 0.14854302 -0.28596184 -0.32792822 -0.41881877 0.20991185 -0.20471868 -1.2005837 0.13904452 0.6572836 -0.09132425 -0.36322108 0.5914958 -0.25224537 -0.06318957 0.22781281 0.3131885 -0.77655095 0.10784446 -1.0220711 -0.046935994 -0.6253037 1.3612646 
-0.35694566 0.07543006 0.1575019 0.20747535 0.051959485 0.3494258 -0.06827738 -0.4779258 0.18669875 -0.037231103 -0.34421426 -0.028651921 -0.37068635 0.27066377 -0.57121 -0.25381428 -0.102191485 0.028004259 0.54873115 0.7276025 0.031866834 -0.52790564 -1.1990525 1.7689095 0.24008816 2.7401083 -0.9938043 0.30344656 -0.71414924 -0.9693588 -0.22510569 -0.09628861 -1.6436769 1.5510718 0.9903376 -0.74483484 -1.0013099 0.07404222 -0.92368686 -0.7369526 -1.4913012 0.02520127 
0.0017919021 -0.1306751 -0.20040543 0.11842462 0.5737495 0.026391475 -0.2200993 -0.45830116 0.17508571 0.2266637 0.29615864 0.40755263 -0.8984516 -0.16523126 -0.064367086 0.56450796 0.07279324 0.8521867 0.23464264 -0.070055336 0.43479535 0.059921533 0.089066945 -1.2429376 -0.11467493 0.49322608 -0.47323617 -1.2126373 -0.5123623 -0.50628734 -0.234334 -0.32699087 0.11248747 0.34855273 0.10675009 -0.18157089 0.3173963 0.06522659 -2.3615074 -0.010437253 0.1315511 -0.2940285 
-0.065007955 -0.30859497 -0.03421986 0.2592244 -0.05187021 0.060496878 -0.051235396 -0.11940851 -0.18578033 -0.03119691 0.3828689 -0.23999278 0.3924223 0.13031963 -0.37582624 0.016238924 0.050460767 0.7960529 -0.39823368 -0.23049635 0.5144748 -0.34671235 -1.3733438 0.5448245 -0.038811196 0.2859258 -0.19066234 -0.12809527 -0.6011031 0.04354228 0.3222449 0.9808809 0.6227747 -0.54414696 -0.2866617 -1.1454111 -0.7326061 -0.2742427 -0.6784795 -0.4631535 1.6186523 -0.6985221 
0.021005375 -0.19635412 0.025933454 -0.23718017 -0.1350903 0.031271406 0.0044176048 -0.16854577 -0.15737286 -0.07759289 0.10011523 -0.033301808 -0.2777836 -0.09542896 -0.0077535575 -0.0061238543 -0.12283195 0.37362075 -0.04991035 -0.2713306 -0.20273651 -0.13695757 0.21456356 -0.06763497 0.07801763 -0.03927316 -0.02387533 -0.17884327 -0.23140316 -0.67233044 0.2115215 0.43974367 -0.14846256 -0.47587746 -0.26568618 0.5344714 0.8964603 -0.11265822 0.27344444 -0.121685065 0.5258059 0.46114758 
-0.0136726815 -0.12883027 0.070273 -0.03784582 -0.13388187 0.14790884 -0.11762036 0.025611656 -0.09632461 0.060439933 0.11703148 -0.09087004 0.050440717 0.00624344 -0.09641648 -0.027738702 -0.029290268 -0.00847799 0.048526056 -0.044642556 -0.037922867 0.09272325 -0.13655628 -0.0410948 -0.15123856 -0.12023156 -0.099357255 0.13454202 -0.0097035095 0.11658225 -0.010769958 -0.14344566 -0.06335894 -0.089042366 0.04340269 -0.07067108 -0.032462787 -0.06304252 -0.049755856 -0.09747555 -0.13666849 -0.1575862 
-0.8130992 -0.6744799 -1.3839629 -0.07774912 -0.9122475 -0.16143142 -1.252451 0.77092487 -2.035177 -0.40352362 -0.23742574 0.49321732 -0.8321166 -0.0057949577 1.3451694 -0.8749241 -0.33952665 -1.0684155 2.3360426 -1.6362038 0.44805416 0.033019576 
1.3956357 1.0970061 1.0117539 1.5016294 -2.2201822 -0.18282026 1.996266 1.5550047 0.9416558 1.4010277 0.094390236 -0.6232913 -2.4296956 0.11385888 1.7174789 -0.7219237 1.1985928 2.809025 -1.7746459 1.8808941 0.94122225 0.058501683 
-1.2877289 0.2582023 -0.8339206 -1.4111047 2.6490998 0.86381596 -2.0470192 -2.5246933 -0.7143329 -0.7376082 -0.06425335 0.88446444 2.3757615 -0.09817548 -2.2308085 1.1738123 -0.9269101 -2.541081 0.8030223 -1.2946386 0.96979016 0.0036018838 
-0.3057541 -1.2136008 -0.38051173 0.088854454 -0.1378408 -0.8818148 -0.24153316 0.8634642 -0.64402187 -0.9062254 0.023504226 -0.49290168 0.17057927 0.08469739 0.5222158 -0.32628015 -0.4199009 -0.18096346 0.76613134 -0.111640155 -2.0046332 0.14715107 
-1.2367859 1.5964105 -0.8775569 
