42 22 3
0
-0.7023405 1.8482686 1.3618183 0.08572519 -0.41305697 -0.31369424 0.39588052 0.19327879 0.11029844 0.09747767 -0.16430691 0.045929614 0.09712527 -0.45527008 0.19579071 -0.12603103 -0.26646802 -0.059100408 -0.111995585 -0.30679554 0.06232409 0.017207602 -0.12169961 0.3116039 0.14482294 0.14253387 -0.00035116388 0.13898003 -0.057496283 0.14794983 -0.35156053 0.057189308 -0.009913768 0.14570528 -0.28208742 0.19097243 -0.07289685 0.24136832 0.50282353 0.121544495 0.09251889 -3.781477 
-0.9006422 -0.1962655 0.029229455 0.38654673 0.08943963 0.043161098 -0.026314355 -0.10216755 0.12261838 0.11566535 0.10947187 -0.18138848 -0.81700116 -0.12490737 0.12797412 -0.27112725 -0.11910582 0.8745093 -0.11188694 -0.14880729 0.49793947 -0.18692002 0.01865001 -0.31240845 -0.24657352 -0.050494414 -0.08952066 0.10911053 0.23671499 0.102618 -0.94818825 -0.6455361 -0.04259867 0.06821655 0.026808698 0.17478245 0.08840811 -2.437771 -2.6398482 -0.0683465 -0.17758402 0.12528042 
-0.5120911 0.92019856 -0.15273 -0.54427546 -0.11256603 -2.1270413 -1.5890055 -0.15870297 -0.15440047 -0.012384912 0.3311045 -0.13098927 -0.15178348 -1.9702643 0.036982536 -0.123727255 0.059090555 -0.108555265 -0.06167707 -0.24533467 0.60478866 -0.022825193 -0.12499928 0.44393504 0.26888385 0.09718298 -0.044420347 2.4102087 0.16183148 0.08518859 -0.09285778 0.021531627 -0.28135693 0.018510934 -5.013819 0.030139498 0.121242374 -0.40874052 0.036331497 -0.12688324 -0.14428285 2.8774683 
0.22019152 0.30040303 -0.47658002 -0.22621113 -0.056064043 -0.43091393 -0.0911652 0.047879327 0.06491675 -0.3933313 -0.31094852 0.28180027 -0.100752264 0.24963346 0.01130547 -0.11404646 0.39752397 -0.21301693 -0.17231803 0.14983444 -0.0049703186 -0.038049765 0.1940495 4.310602 -0.36130232 -0.21536458 -0.03604538 -0.20374212 -0.012286255 0.2888118 0.96712244 1.2674626 0.52157396 -0.08853552 -0.23894048 -0.12758623 0.14742734 -0.041273925 0.30624187 -0.087487414 -0.0010094179 0.013795345 
0.035516463 -0.39140254 0.32515478 -0.0026284712 0.6988316 0.57721204 -1.0891999 -0.29755074 -0.2347623 -0.3563628 -0.3309194 -0.029480979 -0.27176586 -0.17346784 -0.39576653 -0.18621224 -0.076968715 -0.118111365 -0.033249486 0.037718173 -0.3131898 -0.71109605 0.4145011 0.19879702 0.2938723 0.30111167 -0.08200726 0.22023995 -3.5120869 -0.29585925 -0.24282967 -0.07742234 -0.04101954 -0.10987698 -0.29871166 2.4893346 -0.08908101 -0.09913175 -0.040383916 -0.41643903 0.17537904 0.118061475 
0.061472766 -0.004112794 -0.4533883 0.20523596 -0.051901214 -0.67921567 -0.24473844 -0.20262922 -0.13839863 -0.005997161 -0.2787233 0.06943888 0.14143881 -0.11622232 0.11120364 0.14529324 0.14732789 -0.0046536224 -0.07216288 0.009894332 0.09988841 0.09478157 0.04936747 -0.22614552 0.0035981943 -0.472995 0.21595718 0.08699542 0.018029394 -0.09796813 0.2030901 -0.012111094 0.21099587 -0.10805637 0.10283029 -0.062262945 0.0009718367 -0.023556316 3.9978492 -1.6381596 -1.5222188 -0.20731732 
-0.09768991 0.2459368 -0.16007502 -0.4682646 -0.015667392 -0.26842552 0.13087657 0.57308066 -0.14682612 -0.41742375 -0.17790219 -0.21364936 0.22576156 0.006275948 0.013379209 0.15078615 0.27191114 0.23638982 -0.12290969 -0.033015575 0.14221114 -0.2435731 0.0888707 0.33405113 4.781154 0.23966728 0.062995635 -0.108156756 0.032734312 -0.076830044 0.45753673 0.72970897 0.37244365 -0.108985804 -0.15504842 -0.33160985 0.07513594 0.37973326 0.66252816 0.28427008 -0.12966771 0.1570466 
-0.15986267 -0.016038528 -0.1556045 -0.21543173 -0.10314693 -0.3093931 0.26510713 0.35776666 -0.13538495 -0.34439015 -0.30492198 -0.2057921 0.007452589 -0.047853597 0.2918661 -0.13066603 -0.25580633 -0.5429794 -0.24691892 0.24276806 0.14970975 -0.38847983 -0.044111714 -0.06004275 -2.1300879 -0.27936113 -0.01661638 0.0039195567 0.17587802 0.08812617 1.4170166 -2.3824198 1.1498303 0.13004917 -0.027613197 -0.28522143 0.52554226 1.0397792 2.2061777 -0.08575423 0.33588448 -0.1752341 
0.1636083 -0.071095526 -2.2258346 0.17199893 -0.2666895 -0.012301468 0.11257876 -0.19754425 -0.17831255 -0.24744421 -0.108365804 0.0032806133 -0.16541226 -0.23424654 -0.2522424 -0.03330868 0.38501084 -0.20519051 -0.21736693 -0.053668343 0.07335341 -0.07174451 -0.06005803 -0.012852179 0.10844782 0.030519528 -0.1253887 0.004569005 -0.17716618 0.08749931 -0.19298953 -0.045794744 -0.2570035 0.023578662 -0.05990626 0.48931834 2.8249924 2.787624 2.6628113 0.15401839 0.20624241 0.10436319 
0.018491145 -0.4650273 -0.33843482 -0.19069543 -0.36390972 -0.6295965 -0.7248818 -0.23602332 -0.2515317 -0.1847406 -0.2364768 -0.4768565 0.21620522 0.44545957 -0.18702123 -0.377412 0.14805447 -0.27443117 0.16439514 -0.13457547 -0.34642208 -0.32042158 0.29807836 0.057803147 0.001886025 0.60767174 0.24084662 -0.13441733 -1.1533868 -0.073237404 0.21683885 0.24082148 -0.2702097 0.04290754 0.31902406 -4.0719438 -0.02821214 -0.08890949 0.30755588 -0.013514515 0.24157064 0.008322545 
0.12193381 0.2836039 0.38448563 0.6490192 0.15802084 -2.963275 0.1648585 -0.7098009 0.12671566 -0.08112186 0.2606955 -0.56467766 0.32221186 0.70423335 0.14982878 0.15076518 -0.009490646 -0.4557811 -0.10094366 -0.44232464 0.19992344 -0.10427031 -0.20933102 0.15770487 0.09908693 0.21283358 0.11436872 -0.52023506 0.22868359 0.038119208 0.17854083 -0.11040801 -0.454018 -0.018973509 2.5382721 1.1034821 -0.055820297 -0.25104153 -0.17721719 -0.2630058 -0.0029502697 2.0548692 
-0.03857665 0.16729987 -0.045296066 0.16032642 -0.13204762 -0.23726667 -0.18090001 0.040134177 0.043684028 -0.15611143 0.11025267 -0.0242072 -0.048037957 -0.0672793 -0.01002443 0.073687375 0.24371596 -0.013062259 -0.19752477 -0.2211724 0.2465455 0.043287072 0.05589799 0.06895018 -0.16332854 -0.9121551 0.025673436 -0.042531375 -0.05558592 0.096478805 -0.15251599 -0.0804547 -4.5091624 0.22408676 0.1803699 -0.020299004 0.12954408 0.33466718 1.6612021 0.99683106 0.8920289 0.11189691 
-0.1868387 2.0944653 -0.5723976 -0.4366731 1.1879044 0.84684706 1.7724457 -0.3039551 0.2973703 -0.51265895 -0.042423055 2.2205987 -0.88266635 -0.20964532 -1.1256626 0.33467856 -0.07582203 0.09076515 -1.7751178 -0.06923495 0.2207906 -0.4971219 -0.5233449 0.21420527 0.34466165 0.23076545 -0.24560682 -0.12532674 -0.9755894 0.0922476 -0.20601717 0.46949485 0.21288942 -0.23840709 0.20716581 -1.4159967 0.007109263 0.033844423 0.49983096 -0.010798795 -2.0067384 0.5281719 
1.1634526 0.24524595 0.19541836 0.0017392369 0.15572262 -0.438126 0.525382 2.2312896 0.041882418 -1.1032169 -0.39520708 0.36992767 0.122487925 0.21348405 -0.05655301 -0.51961225 0.0064066886 -0.2813504 -0.33140978 0.059028078 -0.33612835 -1.089211 0.105884284 0.14983292 0.028776338 0.030739551 -0.024520952 0.2018056 2.1659024 -0.05691701 -0.42303908 -0.18297414 0.14424425 0.07871986 -0.24122158 1.6791347 -0.015027735 0.014338548 0.034740902 0.18321007 0.20307107 0.1453861 
-0.29876542 -0.061323296 0.30266014 -0.033818185 0.35849586 -0.17448503 -0.116674885 0.37664136 -0.04232237 0.04276104 -0.083665386 -0.35059774 0.17448984 0.12916696 -0.078020416 0.30609733 0.272467 -0.42945004 -0.48767868 0.15517391 0.1611149 -0.2638712 0.24349721 -0.16870491 -2.5985165 0.09968405 0.1030719 -0.1179542 0.1951432 -0.0026689898 0.03798157 -2.016855 0.41325626 -0.15236315 -0.23476607 0.08897278 0.012917976 0.3835753 -0.4619743 3.1477058 0.2269272 -0.1887949 
-0.11012242 0.21908394 -0.20844702 -0.27695644 -0.5859774 -0.12768748 0.11035439 0.14143439 0.09202088 -0.03354253 0.055672623 -0.14341287 -0.21956512 -0.024639396 0.21651413 -0.108288795 0.033310525 0.108153984 0.39836675 0.08428977 0.23860228 -0.2071059 -0.1403444 -0.24162671 -0.18910223 4.3892655 0.061151493 -0.07104454 -0.2785137 -0.26286727 0.5338498 0.99727386 0.60561013 0.13417953 0.094192326 -0.28329155 -0.10544512 0.011347495 0.33224294 -0.43485087 -0.10226424 0.0880311 
-0.18098442 -0.00606366 -0.12778106 -0.23431823 0.06496784 -0.16007559 -0.21020244 0.3381407 -0.20451318 -0.17231062 -0.6500557 -0.027347777 0.012266911 0.261261 0.046704996 -0.016650565 0.07749101 -0.05565133 -0.26802054 0.076978005 0.123655625 -0.11738411 0.1873704 -1.392763 -0.49156412 -0.92548877 0.20593737 -0.11228073 0.0061132065 0.14423664 0.39042732 4.192306 0.38137734 0.07023684 -0.13222897 -0.30990645 0.1847594 0.5465503 1.0950533 0.52449495 -0.06141561 0.0829927 
-0.2332148 0.3903129 -0.3531534 -0.16998124 -0.6102853 -0.49393603 -0.23260882 0.12348963 -0.124591276 0.40318182 0.9558395 0.4176228 0.15288621 -0.11868259 0.050647907 0.3792988 1.656749 1.637868 1.4488163 0.63774294 0.28082106 -0.23314935 1.0348935 -0.025255047 -0.36874306 -1.104967 1.416074 -0.04489264 0.19695699 -0.6411737 -0.885016 0.17337213 0.53468114 -0.8148694 0.042437132 -0.71582097 -0.082586184 -0.37766334 -0.13544129 -0.42279726 -0.86736506 -0.8344995 
-0.58107674 -0.7462099 -0.70707864 -0.1040058 -0.037603945 -0.2389597 -1.3601685 0.5118366 0.14579631 0.8176327 0.5158987 -0.54216516 -0.46162927 0.32487392 0.032645658 -0.18173109 -0.23033619 -0.3368427 0.15713286 -0.47894698 -0.13413596 0.13859414 0.19139102 -0.16692999 0.22725014 0.6059971 0.23671392 0.24835251 0.004095942 -0.25273815 -0.17826594 0.46532673 0.59151185 -0.6716475 0.23880135 1.2913302 -0.07292054 0.12575772 0.59003 -0.8188814 -4.703181 0.24023755 
-0.18251914 0.5220355 0.17967644 -0.20284359 0.04083312 0.09736237 0.18916826 0.52132785 -0.3127571 -0.05064394 -0.17207734 -0.151377 -0.34525287 -0.065111525 0.22659259 -0.24784623 -0.2621265 -0.3577602 0.12651 0.11826453 -0.01313589 -0.23046929 0.026328256 -1.2215674 -0.13312276 -0.1467218 0.019494012 -0.11572164 0.1650709 -0.09096003 -4.562968 -0.23814051 0.46315557 0.049212005 -0.20774989 -0.07663445 0.22884804 0.60093635 2.1421356 0.11935259 0.16798517 0.111516386 
0.29156104 0.08896164 0.097573556 -0.1097167 -0.35791373 -0.7326808 -0.011942947 0.08470876 -0.095693834 -0.41741994 -0.046278544 0.1815891 -0.025858875 -0.081849426 0.37637576 -0.21921316 -0.008388228 -0.22371641 0.1762271 -0.32276514 0.26058418 -0.20613469 0.19192967 -0.17166281 -0.4809936 -0.25181353 0.39462203 -0.08089541 0.06827767 -0.27403894 -0.115599 -1.9672683 -0.29103976 -0.16808538 -0.035304926 -0.18920875 -0.073460296 1.3996439 -2.2509313 -0.37950468 0.21284531 0.17673619 
-2.6527805 -0.05024859 -0.026952684 -0.86220473 -0.45287436 0.5628543 0.38193715 0.26614106 -0.28024256 0.23480354 0.06171591 0.09982655 0.16799085 -0.0552462 -0.089978404 -0.11280392 -0.25260508 0.053664815 0.048200198 0.12715435 -0.117813654 0.064538226 0.014011185 -0.017339624 0.21689501 0.1627234 -0.267647 0.08741712 0.019860456 -0.08430382 -0.117860414 -0.1749796 -0.38251624 -0.1139375 0.29533958 0.08377862 -0.18960384 0.5243019 0.32495272 2.4461136 2.6515956 1.5666958 
0.36063048 1.4857842 -3.7598648 -8.73257 -3.3802292 -3.0791767 -10.208464 -6.4311366 -12.383122 0.5414904 -6.5221624 -3.5664942 -0.135639 -5.059069 -4.898842 -7.7954793 -7.8131113 -1.8170186 -2.5283985 -3.0377345 0.18616374 -9.327435 
0.6767998 -0.0114907725 0.8958129 0.18127069 0.4920655 0.12991908 0.51746625 0.34307185 0.7715424 0.60311115 0.67321104 0.059616234 0.10766777 0.44488138 -0.07622305 0.06832803 -0.022237128 -0.36585048 0.3652916 -0.06300758 0.22773279 0.8642404 
0.2478141 0.7896598 0.5566801 0.93600184 0.0013236545 0.7081679 1.1137401 0.83077866 0.22798657 0.13282107 0.06478593 0.58232427 -0.30734634 0.12078306 0.5463914 0.60529274 0.7682239 0.24796046 -0.11483717 0.5961748 0.80660594 0.42964715 
-0.67481405 -0.98184097 -1.3469964 -0.912224 -0.3804029 -0.68103683 -1.5501633 -0.902838 -0.8994404 -0.8792875 -0.7104658 -0.74039 0.08770366 -0.7812146 -0.6559835 -0.7546611 -0.8871009 -0.01607985 -0.41438603 -0.6013533 -1.002695 -1.2648832 
2.8134987 1.3790514 -4.538959 
