42 22 3
0
0.399496 0.46842617 -0.3020358 -0.3994282 -0.0016795138 0.1197992 -0.15460654 0.33274877 0.60155463 -0.27790034 -0.4131398 0.18631178 0.51732045 -0.30904886 -0.48453656 0.6407944 0.07715677 -1.4377145 0.44854653 -0.4227613 0.84338456 0.3624154 0.27534935 0.6265203 -5.149723 -0.13271514 -0.12546305 0.04100856 -0.39700487 -0.32641944 2.128812 -2.775472 0.10995568 -0.58018076 -0.248574 0.44996867 0.2665681 -0.031406462 0.099858135 0.052748207 -0.09570075 -0.28345037 
0.18343621 0.49569315 -0.18198952 0.22971196 -0.428291 0.0018454983 -0.2736552 -0.47383144 0.3281403 0.098989815 -0.07009388 -1.4362549 -0.60149395 -0.9453781 0.01863113 0.4345081 -0.039866745 0.0068881107 0.54476255 -0.17527248 -0.11514051 -0.11820743 -0.13420765 0.14672743 -0.27561703 0.06827935 -0.0216033 1.0537592 0.4211975 0.013330645 -0.27535176 0.26173738 -0.050846744 -0.6352312 -2.7466464 -0.12376879 -0.31752735 -0.6365791 -0.99144655 -0.08627857 -0.102881044 2.6440105 
0.028300984 0.023255276 -0.056064624 0.7116969 -1.1611537 0.21141782 -0.052031573 0.00745547 -0.11702245 0.019350253 0.1659354 0.20751865 0.116502084 -0.7508766 -0.3062364 -0.42994827 0.47318983 0.22921054 -0.26311493 0.5091942 -0.3682089 0.2719755 0.2053401 0.24913998 1.5820569 0.38975033 0.8346089 -0.2774303 -0.18877818 0.42116195 0.264951 0.9349024 1.1322868 0.011814737 -0.7608053 -0.4220808 -2.7136765 -0.41793668 0.46492437 -1.6064037 -0.6375069 -1.311278 
0.16331384 0.5316524 0.55730534 -0.66363287 0.49815595 0.12967257 1.1986375 0.07209463 0.57811546 0.31922016 -0.2730843 -0.54895353 -0.25143713 0.34249225 -0.37926647 -0.089768864 -0.8437778 -0.56957376 0.4159243 -0.64166105 -0.28626987 0.062593356 -0.21995047 0.56403524 -0.5187141 -0.7090893 0.6484962 0.447503 -0.052978486 -0.5347903 -0.1432014 -1.2533015 -0.84797835 -0.54354984 2.3779092 -0.95468986 0.120028265 -0.16050184 -0.45403966 -0.014329178 0.18805484 1.5465618 
-0.24947882 -0.2625087 -0.04430685 0.76486856 0.8339043 -0.93778914 0.21988377 0.30159488 0.7683037 0.025695892 -0.8350698 -0.14642775 -0.58088595 0.42717275 0.47498435 0.45288613 0.07805101 -1.4426204 0.6329491 -0.2673499 0.40644765 -0.4183879 -0.5337617 0.10250763 -0.48177552 -0.42579487 2.2936022 -0.62990177 -0.4572587 -0.31754526 -0.9853229 2.6632874 -0.440509 -0.15383843 0.15187924 0.22608355 0.68823415 0.19119485 -1.6695325 -0.6350795 0.45524976 0.27741197 
0.23697567 -0.22459795 0.22275232 1.3804047 0.68001527 -0.71990806 0.2930871 -0.043305244 -0.2138636 0.5303222 1.9230796 0.30224395 -0.24925199 0.5849527 0.13199148 0.4753781 -0.30103096 -0.7851396 0.23750171 -0.2612677 0.24685791 0.114722185 -0.074286364 0.20810579 -0.72974896 -0.31530806 -0.29071978 0.33275226 0.06679923 0.14968881 0.076829955 -0.65073967 -0.3310217 -0.45374283 0.0411266 0.009420998 -0.27150816 -0.45663822 0.4228531 0.40144652 -0.61267394 0.1795258 
-0.022349285 0.39156467 0.38204494 0.71624655 -0.6529606 -0.15353745 -0.07008179 -0.28161457 -0.0066471533 0.2801623 -1.05932 -0.37832978 -0.20470057 -0.79405856 0.9127123 -0.05719187 -0.1017731 -0.30601683 -0.89960736 -0.11092085 -0.8658449 1.4893875 0.09520915 -0.8509986 0.65738744 0.14371018 0.058222864 1.3472571 -1.3056158 0.6273325 0.23562793 1.7376438 1.162057 0.003396285 -1.1121091 -0.7364675 0.35815188 -0.0010890949 -0.6820805 -0.89749116 -1.8427923 -1.9029839 
-0.43872702 -0.47002715 -0.48895487 -0.6339652 0.06430381 -0.11248978 -0.16225041 -0.06356417 0.6035486 -0.27174976 0.047197185 -0.34832403 0.9309242 -0.014528409 0.17678054 0.17411052 0.62386 0.11007258 0.19922948 -0.31212336 -0.39881736 0.04065043 0.2589037 -0.4336881 -0.61531645 -0.24415168 0.19080043 0.105861336 -0.73434776 -0.6165874 -1.0768343 -3.5958505 -0.6359149 -0.56417644 -0.18108016 1.012446 1.7715212 3.6148283 -1.1671607 1.8580905 0.98320955 -1.3419826 
-0.5347469 0.31128892 1.0536634 1.4166522 0.40797636 0.6255317 -0.65418625 -0.67697006 0.06333045 0.118997425 1.7690125 0.6037862 -0.08622825 -0.3510261 -0.8066178 0.26578113 -0.5260889 -0.5824823 -0.102945216 0.8891318 0.31058806 -0.9291991 0.21771504 -0.5051269 -1.2562722 0.37789524 -0.27760383 -0.20004731 -0.45768225 0.29481867 -0.58088195 -0.060048535 -1.1679801 0.011873646 -0.31239188 -0.83957046 0.76155436 0.5122545 -0.26046708 -2.0766673 1.2828817 0.76466674 
0.13145155 -0.3143798 0.21423788 0.21606031 0.49609575 0.45326865 0.41156065 0.17313215 -0.16283649 0.30440566 0.060657814 0.5835974 0.095972285 -0.27149588 0.1528681 -0.23628148 -0.7131212 2.2274811 -0.24183193 -0.5283791 0.061517987 -0.18520565 1.0876925 0.44565403 0.015002247 -1.0738474 0.27646142 -0.17105517 -0.6179212 6.2654433 -0.3915948 -3.4674263 -0.98619765 -0.06979129 -0.6819441 0.3823098 -0.63294953 -0.54463273 -1.4760679 -0.5562136 -0.71000534 -0.7739012 
0.11122913 -0.46007264 -0.068596005 -1.9254898 -0.77514035 -0.2310886 0.6812533 0.19670941 -0.6861107 0.44554695 -2.4940157 -0.9541383 -0.28263518 0.2453878 0.3661128 -0.88280785 0.23093568 -0.55574846 0.69464517 0.36280444 -0.26780558 -0.5639523 -0.052366883 -0.3462526 -0.960554 0.114375465 -0.08629302 -0.35603982 0.69619966 0.575963 0.21266091 -1.8844994 -0.8654238 -0.10022766 -0.20079494 0.78997886 -0.18255156 1.8634865 -0.40401804 -2.9549522 1.3253629 0.60865784 
0.21824881 0.34054348 -0.18358734 -0.13933828 0.21567476 0.33120257 0.13006873 0.38591123 -0.2766137 -0.39429256 -0.018644428 0.117226996 -0.24536863 -0.10777096 -0.06477197 -0.26181474 -0.3902023 -1.4775116 0.90352 0.14821687 0.5444821 0.5548446 1.0139846 0.1642066 5.887496 0.2668157 0.5631716 -0.13666157 -0.50991815 -0.18837677 1.0157987 -2.4098244 -0.0572969 -0.8480646 0.2821307 -0.065166414 -0.51955664 -0.3659002 -1.3932832 0.04646999 -0.4801426 -1.9077924 
0.07581446 0.15991047 -1.171112 -0.31141114 -0.22111957 0.056752335 0.23601805 0.3773538 -0.29278967 0.050155368 0.32924855 0.18976222 0.15114626 -0.043848667 -0.63647085 -0.40389514 0.88557214 0.99958616 -0.30070207 -1.0420636 -0.07683479 0.5144426 -0.6411069 1.5966624 1.4993849 -0.27047953 0.09844173 0.19195433 0.36792272 0.33338228 2.2145054 -0.21493088 1.506044 -0.9832963 -0.6140975 -0.015087359 -0.38705188 -0.96927214 -1.7732294 -0.82682043 0.48297593 -0.31586966 
-0.1697918 0.43706414 0.4031762 -0.29665622 0.54440844 0.6904503 0.66294146 0.60798657 0.15176861 0.36278215 -0.45252335 0.25905085 0.0604048 0.3573594 0.4947079 -0.057404306 -0.04482853 4.4141498 -0.86593324 -0.26193988 0.6324939 -0.042802718 -0.25830987 0.019796235 -1.4964229 0.045470797 -0.6453118 -0.1990641 -0.7449276 -3.5285978 -0.8155503 -0.28344953 -0.096033886 -0.16379906 -0.27938047 -0.3339505 0.50934345 0.46755952 -1.6626962 -0.11406504 -0.11196374 -0.10879219 
0.1668811 0.8226745 -0.48598975 -0.16533749 -0.8468295 -0.7521011 0.003514554 0.47874907 -0.19385158 -0.4019639 0.29637185 1.0705202 -0.48328778 0.29392043 0.6567884 -0.6214882 0.055774007 -0.46497247 0.16423446 -0.31128785 -0.2978107 0.1549333 -0.28225595 -0.042543285 0.104120485 -0.25342974 0.7273994 -0.30724514 0.34437615 -0.16138029 -0.61915547 -2.3170722 0.19065301 0.31204948 0.17634329 3.91722 0.17768338 -1.8894681 -0.6659945 -1.7144841 -0.12937577 0.15025239 
0.0141850235 -0.48449478 0.5523964 0.80018604 1.3777121 -0.04955231 -0.055175804 -0.030246198 0.3878708 -0.36543405 -0.72276235 0.0034568305 -0.35640666 0.111291744 -0.1217113 0.232037 -0.395073 -1.089179 0.3765295 0.8486989 -0.25824523 0.060804937 -0.3624162 -0.28435028 -0.20211358 -0.58110344 0.030791085 -0.67806 -0.6777585 0.31915328 -0.33519682 -3.9208045 -0.64635235 0.15103415 -0.13488705 -0.26360932 0.33932686 -0.48520064 -1.014663 2.9057956 3.0411775 0.28558424 
0.0444916 0.0038202638 0.37016413 -0.010156114 -0.19139667 0.13262746 0.33867142 -0.3134472 0.24625266 -0.2789681 0.055284124 -0.66074914 -0.5998681 0.21637015 0.16852286 0.21197374 0.16551468 -0.16716258 0.12554787 -0.16248529 -0.82495797 -0.3711883 0.16986026 0.4630646 -0.16694035 0.6272212 -0.28117692 0.20965473 0.31340483 0.16137318 -0.9132393 1.2084286 3.0393815 0.14974883 0.09146981 -0.38591748 -0.6936426 0.36081725 -0.16594775 -0.5928334 -1.2432861 -0.4653408 
0.41086748 -0.35362366 -0.06860927 -0.82381 0.9899893 0.17844683 -0.010561986 0.44792175 0.11860447 -0.22508392 -0.40439147 -0.6795079 0.61091185 -0.024400206 -0.0029434226 -0.9172025 -0.21426566 0.5947212 -0.030576983 0.22239858 -0.24112658 -0.52663267 0.8350203 -0.5001023 0.12644257 0.2684207 0.22308768 0.13374388 -0.5399057 1.1346982 -1.7590805 -1.4592965 -0.34085655 -0.5559015 -0.39941686 0.28480333 0.33479235 -3.7159894 0.19538593 0.26314333 1.3270572 -1.2616667 
-0.85667187 -0.18544608 0.29230914 0.07070912 -0.35112506 -0.8414374 -0.046545763 0.09160312 -0.1271109 -0.50169885 -0.34207895 -0.25713378 -0.29131857 0.2793524 0.18754457 0.23361558 0.693103 0.93329996 0.5143471 1.4382918 0.2530519 -0.21373159 -0.8008252 0.46843275 -0.39056444 0.4064543 3.492334 0.39607742 0.12755252 0.52633876 0.22314234 1.5210568 -0.7154714 0.9676709 -0.81090516 -1.1747451 -1.2423385 -0.6340755 -0.6509385 -0.9474348 -0.2785456 -0.9557069 
0.44870737 -0.08650151 0.039435066 -0.8447424 0.15530165 -0.035040714 -0.0005465114 0.9892643 0.051823035 -0.079927765 -1.0526572 0.15118426 -0.39037764 0.20559292 -0.21150492 0.2673921 0.32290083 -0.25539625 0.11288746 0.30838534 0.25776836 0.04512934 -0.0903297 -0.09721039 -0.0018556498 0.23764016 0.4455238 0.28595954 0.793953 -0.8946168 0.34978274 0.22678399 0.3698409 -0.96007574 -0.06582031 0.06571248 -0.9857548 -0.055295907 -0.3583444 1.361267 -0.86957246 -0.64185435 
-0.25034192 -0.04952378 -0.019499447 -0.126942 0.041681536 0.99065363 0.0070665707 -0.03331832 -0.13566567 0.7366417 0.14693008 -0.48305985 -0.546605 -0.051424053 -0.10447009 0.07595735 -1.0072324 2.236483 1.2267685 -0.3417387 -0.083244555 0.27595666 -0.10818819 -0.67521566 -1.7862886 4.429079 -1.2409233 0.06900738 -0.3888253 0.40355092 0.1947456 -0.11628802 -2.0572925 -0.085532576 -0.08320151 -0.22107357 0.16912419 -0.79316443 -0.85398734 -1.733313 0.05434421 0.36608258 
-0.41395658 -0.004944196 0.03392302 0.34940922 0.31350523 -0.5113313 -0.12622465 -0.17960833 0.45887697 0.81009966 -0.25195646 0.45086703 -0.37920535 -0.05591226 0.15760678 -0.51503474 -0.26343027 0.30125847 0.39875647 -0.06206357 -0.0966419 -0.5463898 -1.0654193 0.46211568 -0.3069948 -0.5931145 -1.5751702 -0.07262188 0.20171411 -0.2562371 0.12352607 1.0036093 -4.0920496 0.17027703 0.1480126 -0.35458192 -0.2661363 0.68717384 -0.20946428 -0.11141024 0.7107225 0.3887474 
0.14503938 -1.2018399 0.4337677 -0.33023083 -1.8185498 0.2550977 -0.59754395 -1.2610636 -0.16655359 -1.4301982 -0.3475113 -1.3011069 -1.9167542 -1.6810269 -0.55684215 -1.1659017 -0.07429876 0.3564967 -0.8172802 -0.27723816 -0.8189217 -0.24965328 
-1.0742279 0.51077175 1.1854091 0.49554995 -0.13574855 1.1294589 0.9666577 0.8220495 0.58526397 -0.47538665 0.6380364 -0.20589125 0.18477108 -0.43423283 0.49593425 0.9048257 -0.0053317533 0.96839684 -0.40142268 0.43636596 -0.3085363 0.13061503 
1.3085507 -0.6212448 0.23999366 -0.36459976 0.58537877 0.4027086 -0.4165679 0.18345813 -0.23834515 0.9035346 -0.62865615 0.7481672 0.9303699 0.70095575 -0.32137883 -0.08813082 0.7938009 -0.6718327 0.8215718 -0.34743202 0.7017529 1.0449393 
-0.07428446 -0.09348704 -0.9500161 -0.4488075 -0.5557823 -1.6827011 -0.537468 -0.8854573 -0.36286294 -0.45505247 -0.22525173 -0.72538954 -1.2847922 -0.47852668 -0.57333803 -0.41026446 -1.1351981 -0.47968894 -0.14083748 -0.043704383 -0.36177474 -0.79935676 
1.8284867 1.3018256 -2.9128385 
