0.08855561 -0.09037612 0.27489185 -0.59888756 0.02732359 0.059403203 0.14733317 -0.13777067 -1.1178122 -0.044038724 -0.95033514 0.28167328 -0.72331864 -0.051045805 -0.45032367 0.54910445 -0.3117148 2.4475777 -0.96188706 -1.021961 0.5195479 0.2311629 -1.1874158 -3.3044572 -0.18423088 0.9039639 -0.98267573 1.2362461 2.4854167 -1.374369 1.7266046 -0.5815181 0.9827402 0.97569716 -0.7688244 0.9174262 0.07069207 -1.9447577 -0.24546939 0.0015069327 1.5177706 -1.1221194 
0.053599536 0.004030317 -0.11375323 -0.08392612 0.0024623424 -0.12231444 -0.11958475 0.028631225 -0.10492749 -0.12725976 0.12933081 0.11528228 0.020741388 -0.08570575 0.14349468 -8.8172914e-05 -0.03723368 -0.13154341 0.06618321 -0.15231888 -0.01963076 -0.049345516 0.14485781 -0.0011601798 -0.13204898 -0.04322026 -0.11929433 0.029947994 -0.06577175 0.13485241 -0.094891325 -0.10986082 0.022381622 -0.15421365 0.11384619 0.12167563 0.15162008 -0.05883389 -0.078578465 -0.13895045 -0.07208701 -0.1188698 
-0.22928618 1.1143733 0.34930086 -0.35906923 0.899622 -1.7442385 -0.18307672 0.19467647 -0.8820334 1.0733061 1.035531 -0.3452102 0.6846582 -0.5043513 0.345422 -0.53655064 2.182086 -0.18625095 -1.8556656 -0.42347822 0.16763616 -0.39344463 3.8503857 -1.2914127 -0.26291627 0.19235744 0.98768157 -0.12315583 -0.44458845 -1.2575597 -0.77263117 -0.6466628 -0.15943016 -1.1323379 0.62357956 0.28998774 -1.8600466 0.08562883 -0.35639057 -0.6318324 -0.2371501 -0.26529709 
0.316784 -0.054495104 0.0654565 0.4093543 0.2556436 -0.60879767 0.34683216 0.2732141 0.523947 1.6231698 -0.39421514 -2.3030374 2.110573 -0.048707727 0.13481992 -1.0700064 -0.40777183 1.0356693 0.098805286 0.7858085 -0.6610279 -0.33627954 -1.2808529 4.6438537 0.1610145 -1.2202235 0.9161459 0.16478498 0.0036742094 -2.0854104 -4.9801545 -0.0996188 0.3977191 -0.4335956 0.30970538 0.16103959 -0.1810437 -1.2076803 -0.20851558 -0.45236802 2.3263226 0.4013509 
0.87856716 -0.54646605 0.68945944 2.1593852 1.1917188 -0.56005174 0.86731625 0.4381171 1.8794053 -2.371338 -0.8452466 1.1622447 1.310258 0.0634882 0.65979564 -0.15776034 -1.6129664 -2.1056914 0.38149592 -0.22307998 0.25570145 0.86539173 0.3231325 0.8100655 -0.025282076 2.7261198 0.8421787 0.4799233 -0.03862117 0.5376442 -0.075534835 -0.30945602 -0.2850957 -0.25963938 -0.18311974 -0.6256179 -0.8155218 0.12432623 -0.20449048 0.59150064 -0.056790665 -0.45173222 
-0.18611844 -0.8417027 -1.8011378 1.0932465 -0.67432636 -0.44851333 -0.049408227 -0.27571708 1.8117464 -1.2867898 -2.311296 -0.46616644 0.48871934 -0.40552956 -0.90069944 -0.07658887 1.5670207 -2.2002292 -0.34548515 0.6245267 -0.6877517 -0.6449378 -1.8983757 1.3042332 -0.260085 0.19383205 0.6547452 2.383517 -0.12932244 1.1028124 0.045655817 -0.26424804 0.4368545 1.5162559 0.80866647 -0.061009657 -1.1107798 0.1280534 -0.02542681 -1.0393988 -1.715029 1.1351955 
-0.13250104 0.04395965 -0.09809749 -0.105541885 0.08693747 0.15474208 -0.07033576 -0.05360774 -0.11062904 -0.19966708 0.077320434 -0.22927564 -0.6828198 0.1407583 0.12515147 -0.3112353 1.2549781 -2.227653 -4.7494693 0.45021534 0.041937873 -0.13748711 -1.3935457 -0.035244532 -0.21732539 3.0059924 -0.5062993 -0.10726813 -0.13481487 -0.7193924 -1.120118 -0.2541513 1.2416922 0.88515764 0.91310024 -0.09485348 -0.050557636 0.24153316 -0.22402716 -1.322719 0.32610407 -1.1193558 
-0.051539596 0.034085795 -0.16159745 -0.115269974 0.08564875 0.018564414 -0.037692085 -0.0051295143 0.04613745 0.05274999 -0.005687622 0.10181017 0.1075861 0.11032033 0.08892277 0.053548362 -0.13001615 -0.16458145 -0.04547337 -0.04906848 0.026029661 -0.0037999307 -0.023779705 -0.029198643 -0.004664093 0.067382805 -0.011642845 0.11376473 -0.1312674 -0.067992084 -0.06523561 0.033023827 -0.16213344 0.0011637976 0.06983647 0.030548865 0.06515416 0.07969392 -0.10429718 -0.19200252 0.07965381 -0.14603287 
0.016010255 -0.2790466 -0.21878783 0.038502287 -0.6886092 -0.47861612 0.008570182 -0.008406885 -0.17819808 -0.1074431 -2.7989268 0.26065066 -1.1880797 0.08484872 -0.5920481 -1.5955336 -0.6184678 0.44119468 0.36322114 0.95095575 -0.23782338 -0.15448129 -2.5295088 0.55233413 0.114911005 -0.51406026 0.4822747 -0.79660606 -0.37957838 1.0994326 0.43920606 -0.08770562 1.1531327 0.93677706 -0.13833067 0.6827036 0.43516448 -0.3518777 0.34212336 -0.8354277 0.830076 0.09131085 
0.16043837 -0.40578586 0.20354846 0.5442822 0.16796303 0.6660206 0.043088783 0.062304817 -0.31353396 -0.09298093 -0.56263006 -0.550521 -0.29343954 0.2770604 -0.3090657 -0.12127358 -0.20522739 2.5800107 -2.4439375 0.30928043 -0.019190451 -0.31510037 1.0726947 0.8757665 0.0774103 1.0691261 -0.76975197 -0.19327681 0.7204516 0.43694738 -0.20205502 0.036197107 -0.9539051 -0.15484715 0.16052769 -0.6007015 1.3052092 -3.853439 0.3993873 -1.1568778 -0.22218373 -0.40681657 
-0.11197897 1.6766165 0.20361005 0.0099025555 -0.46590966 -1.0159097 -0.3907466 0.14498863 -0.16026735 0.79825735 -0.6215617 0.4664945 0.53419214 0.2393061 0.094902575 0.023975521 0.3728175 -0.4615547 -4.9058647 -0.8639172 -0.31713203 0.6788905 -1.8604938 1.6465521 -0.09470225 -2.8125181 1.3376737 -0.11895398 -0.25791976 0.2099988 1.3167768 -0.77365375 1.2381656 -1.7612377 0.56907964 0.6735179 1.1068904 -4.801225 -0.48846328 5.236464 0.8438761 0.101050764 
0.20785305 -0.8876838 -0.2696472 0.17389727 0.3293115 -0.19245766 0.39101714 -0.4364222 -2.5158985 0.16465679 -1.7003355 -0.25327864 -1.5140864 0.2106705 -0.5018044 -0.150921 4.8762116 -2.1316621 2.257586 0.64674085 0.83481526 -0.07790752 0.04970532 -1.308861 -0.23611164 2.0830302 -2.0124648 -2.2624757 -0.11447091 -0.0021776448 -0.38794568 -0.24958305 0.31011227 -0.34050533 0.96153307 0.26078147 0.5097601 -0.5495285 -0.21008123 -0.63680804 -0.051138736 -0.5522195 
0.010714859 -0.12207707 0.017512195 0.29612917 0.7568683 -0.0440911 -0.14061205 -0.21993841 -1.6615611 -2.583196 0.08597786 -0.1827135 1.2650096 0.38276345 -0.4483768 0.8145101 -0.16749492 -0.46681952 0.14410862 0.16421156 0.7640035 -2.333044 -1.6569678 -0.09338203 0.20720205 0.89809996 -3.1616776 -0.558457 0.3951608 1.2635972 0.13131644 -0.24050993 0.9598769 0.8457663 -0.2357118 -1.0609719 0.8029012 0.34428802 -0.05677394 0.8974413 0.5471104 -0.55980736 
0.09477155 -0.13539474 0.07429497 -0.12512644 0.15149659 0.03152111 0.06252397 -0.025638878 -0.062909506 0.07169858 -0.11091555 0.097423 -0.08189787 -0.06594139 0.042470478 -0.056400597 0.10586135 -0.014160986 -0.11688044 -0.013384887 0.10322252 0.073752515 -0.029344352 -0.14957835 0.046491466 0.01799005 0.04039065 0.052903127 -0.019904299 -0.019799562 0.040549546 -0.12568748 0.012102713 0.0066235657 -0.08313528 -0.10139613 0.038229223 -0.022622233 -0.15477395 -0.11999624 0.11020765 -0.02764648 
-0.12770104 0.20745228 -0.39736658 -0.2082863 0.21390674 0.14247216 0.013094055 0.049300738 0.6573855 -0.23330566 -0.63276476 0.3009887 0.3886601 -0.061954163 -0.030072195 -0.5455311 -1.4518299 -0.31864506 0.023744073 0.062075093 0.30263683 -0.20172119 1.6488388 -0.16378433 -0.0011165151 0.34405568 -0.52275795 0.3790887 0.19935134 0.06429866 -0.2559675 -0.24177454 0.53104675 -0.14407402 0.0040842704 -0.041595712 0.07337824 0.074528635 -0.16091044 -0.85117364 0.2857811 0.2040325 
-0.46244028 1.4249204 0.514076 -0.099542536 -0.060506485 1.7063143 -0.67625105 -0.4270014 -1.9827338 0.06934254 0.6160879 0.6187195 2.3885007 -0.41478068 1.0052205 -0.53553843 0.46954292 -0.6888559 6.728899 -0.25895467 -0.016156025 -0.5026885 -1.529649 3.108381 -0.120989345 -2.346855 2.0133748 0.66405684 0.37081242 0.25637594 0.76368827 -0.44885224 -1.9334176 -2.1670187 -0.8777739 0.40896237 -0.066799425 -0.7514773 -0.13561039 -3.866036 -0.41191232 -0.20937803 
0.09887122 0.020042999 0.053981435 0.0055730864 0.1496677 0.006826298 0.0032823265 0.09158056 -0.04263287 -0.14373414 0.022280859 -0.1421385 0.00742278 -0.088071235 0.11750874 -0.09691774 0.086640276 -0.11063309 0.09984849 -0.08160971 -0.09490729 -0.0023026988 -0.105785914 -0.08966396 0.022068534 0.0691777 0.061046198 -0.06253962 0.0861028 0.030535996 -0.12672849 0.08532984 0.09659157 0.059082963 -0.04876274 -0.1477853 -0.07788542 -0.11065736 -0.09052694 -0.15426694 -0.05344517 0.007987417 
-0.15112644 -0.002827479 -0.9137591 -0.636437 -0.7385834 -0.3167376 -0.12393625 -0.087867916 -0.3272582 -0.022007147 1.1005554 0.44016474 1.6149743 -0.19207719 -0.21759148 -0.7701778 1.9165326 3.353703 1.0997965 0.48104805 -0.25587818 2.1673317 -3.3797545 1.2025217 -0.55918866 0.76355714 -0.31963107 -0.43712986 1.5030293 -0.5725108 -2.116463 -1.4445958 0.33313847 -2.815745 -0.4108368 0.16335125 -0.094243854 -0.4432979 -0.58182657 0.6653558 -2.8356256 0.30478883 
0.04809696 0.11476844 0.00528825 -0.060165726 -0.047508597 -0.11308218 0.047763526 -0.055025708 0.094690844 -0.1039732 0.06336957 -0.07913468 0.110328026 -0.08730233 -0.1442478 0.013718809 0.029926168 -0.0066451128 0.08622608 -0.15223224 0.04172321 0.034423456 0.08920138 0.016589584 0.017478151 -0.15285452 -0.07709688 0.033333015 0.08825863 -0.042189565 -0.10939277 -0.21836162 -0.07522701 0.11486126 0.08958741 -0.079267815 -0.12522669 -0.088750266 -0.09330183 -0.023469659 -0.115450986 0.1252671 
-0.26549402 -0.11780586 -0.40221238 0.49193105 -0.8657583 0.6199263 -0.33058226 -0.64504635 0.82534236 -0.4139848 4.022207 0.29601327 0.2876118 0.20167172 -1.4920033 0.809544 0.28313586 -0.66449344 0.19128487 0.6116216 -3.6568773 0.1940577 -2.7709832 0.345257 0.005904842 0.07997129 0.2448398 0.11155393 -0.19949733 -0.46174875 -0.028450625 0.051695727 0.37841514 0.5032877 0.027777998 -0.0749082 -1.0246302 0.06601033 0.32881632 -0.90347964 0.12569769 -0.043478463 
-0.09786069 -0.908262 -0.021158997 0.4581636 -0.26021585 0.7446746 0.07515376 -0.3388045 -0.79086095 0.24835232 -0.58475846 0.17145374 0.9866821 -0.20589599 -0.4200442 0.59878165 1.2140843 -0.9965289 -0.598554 -0.7596017 -1.1897372 -1.3321236 -1.7784885 -4.0295506 -0.54341173 2.7423337 0.94644094 0.027040077 -0.6248277 1.9657168 0.53119045 -1.0921688 -1.7637563 -0.97524667 0.60197866 -0.6476704 0.7204674 -1.6009171 -0.6611279 0.16469496 6.0648828 0.22093599 
0.547298 -0.7895089 -0.2472186 -0.22750624 0.75260484 -1.3191984 0.5552739 0.29908335 1.2091429 -1.0525452 -0.23197186 -0.37403995 -0.4166844 -0.31278154 -0.784144 -0.6242403 1.1984307 -1.7638496 1.0269611 -0.50298697 -0.9194799 -1.1112674 0.94060016 2.0725465 -0.16234364 -3.1584513 -2.1263158 1.8998798 -0.080048464 -0.21681944 -0.26270318 -0.3529585 0.4167168 0.24841107 0.12784764 0.8720302 5.1622524 -0.9545458 -0.12671606 -1.8576192 0.95597327 0.20051284 
-0.27278107 0.067336865 -0.13869461 -0.1988928 -0.23466922 -0.09985878 -0.09943202 -0.11777581 0.31312928 0.35313183 -0.39131364 -0.107134216 -0.07642925 0.05762086 -0.14135055 -0.31553656 -0.055406053 -0.5089514 0.0539264 0.30386257 -0.58481973 -0.16220441 
0.8373978 0.17932458 -1.4676052 0.45639896 -0.5941768 1.4888653 -2.6122987 0.07077733 1.3460349 1.1427481 -1.2457289 -1.4629511 0.9954589 -0.18918721 -1.3045502 -1.8362443 0.14644682 0.6279725 -0.15468062 1.1033157 1.1362758 0.9491813 
-0.55888176 -0.13971855 1.1904215 -1.2442418 -0.13071409 -0.4184604 2.2568362 0.16425617 1.3579232 0.22858219 0.5929147 0.5486701 1.8336812 0.13014255 0.5487932 1.1447937 0.13765362 -0.48622325 0.1022746 1.2794085 -0.5027591 -0.81982243 
-0.14477752 -0.017709877 0.058481168 0.9695556 1.0916398 -0.8921425 0.28858015 -0.13567649 -2.4516551 -1.0535749 0.40928677 0.9545682 -2.90676 0.119391195 0.44270703 0.6137916 -0.04575339 -0.45107108 0.03433275 -2.3670754 -0.57444143 -0.29982504 
-0.23723933 0.8996702 -0.61526674 
