42 35 22 10 3
1
1.5064423 -0.69652194 0.28769624 0.6206042 0.5885054 -0.12120337 1.0482925 -1.1413532 -0.8725253 2.0966668 2.3621342 0.006778447 0.39729142 -1.276432 -4.2372913 -1.492508 -1.7106004 1.8785825 -1.1227659 -0.18522486 2.419632 -0.62249064 -4.6936555 -5.3811717 -0.94207335 -0.06383697 0.7898888 -0.6498807 0.7158808 0.62263316 -4.783235 -0.08976768 -1.1785359 -0.33024228 -0.68831056 -4.491065 0.31943837 -0.99075514 8.184789 -0.31671917 -2.3949616 -3.2288826 
-1.2310413 1.7855309 1.7932382 0.3144682 -0.59329087 1.2468185 -0.3493917 -0.6444365 -0.8271792 2.4106448 0.9593879 -0.2783548 -0.20322537 -1.1867931 -0.7392185 -0.97844434 -2.9204628 -0.023553805 -1.5466964 -0.12452231 -0.77311873 -0.011944197 1.3865352 0.17615059 0.82509434 0.63941234 0.6812873 -0.007953313 -0.69130933 0.49892658 -0.015192573 -0.80012834 -0.27117434 -1.0754327 -0.38557962 -13.36585 1.7166456 2.8564787 0.44296148 -1.4769044 1.718139 0.12597674 
0.633612 -0.13379055 0.1447669 0.4211693 -0.45941165 0.87794137 1.0274302 -0.24638747 1.6438197 0.59759456 0.12908562 -1.1539693 1.616668 0.6975955 -2.1838074 -1.2257575 1.5510747 1.9721944 1.6406093 2.3802047 -0.6490842 2.8140647 -1.4514018 -0.6409184 1.8333433 2.8700387 -1.354822 -0.5474297 0.2952263 1.0566417 -2.5288298 8.061041 -0.44130895 -2.5852983 -0.3513238 1.4921186 2.3259702 -3.393149 -1.6870618 -0.6480626 0.58991736 4.4718704 
-2.2591867 -0.33250836 -2.1438546 -0.9124993 -2.8615932 1.884748 1.3769058 1.5137141 0.34499618 0.35035887 -1.7071296 -1.4310225 3.1738946 3.852714 -0.61103755 0.95816267 -0.3607179 -1.2934289 -0.0994383 -1.9982598 1.8019471 -1.0190912 -0.12717803 0.68940717 0.8148159 0.47991434 -1.1163796 -1.3084852 1.330464 -1.774838 1.2573528 -0.9874463 -0.42480263 1.2469599 5.865721 -4.668332 -5.388568 -3.6807177 -5.0393796 0.31431398 -0.5827617 4.1243286 
0.0032380384 0.4870439 -4.265486 1.2114577 -1.3389466 -1.1480247 1.2611024 -0.91867894 -0.012568308 0.22882862 -0.071308166 0.12538023 0.44035488 -2.8725805 0.5897414 1.0247378 -0.20038469 -2.6620822 -4.59589 -1.0276946 0.8722238 2.20388 2.3306448 3.2016916 -4.3167534 -0.9718117 -1.7728678 0.022036487 1.8201936 1.057217 -0.22667089 -0.3016768 -6.073254 -0.13482276 0.6780579 -3.2225287 -5.977685 -0.5530145 8.718203 -1.5168024 -0.73325664 -4.0943103 
-2.3962197 -2.6384776 0.5128854 -1.8321065 4.7796865 0.41437915 1.0868511 1.0867068 -3.9914522 3.2772238 0.70893365 -0.7352649 4.1517267 1.025568 1.3421955 0.8789594 -1.5648404 0.33873817 1.8448902 -1.8034254 1.0466638 -2.7743702 -2.1257021 0.822588 1.2547115 0.44667906 -1.1509569 -2.1687732 5.460471 -1.3161023 -1.0053679 -1.1718447 0.37060335 1.5939271 -0.0064683286 -0.80634373 -2.2667499 1.0155857 -2.4860208 -1.7626442 -1.8068055 -6.2558694 
-0.15724961 -0.24535295 -0.5824243 0.41266277 -2.1572237 0.119796894 -0.2693905 1.8055462 0.2223004 1.2510414 1.0164163 0.53470516 0.21962811 1.0055974 -1.1263933 0.09206947 1.8675578 0.29972115 -1.0207814 1.9988352 1.3820062 -0.14800213 -0.99489766 -1.0904236 -0.86954653 2.2923346 0.3361328 -2.1519465 -0.26935846 -1.7072445 -0.86983967 -1.8826263 -2.828284 -0.5647979 -0.24880697 2.0998745 0.31266475 -1.7721094 -7.6531744 3.1098335 -0.15958296 -2.787066 
0.86745185 0.8946368 -0.8314249 2.477905 0.66387427 -0.4214185 -2.2140758 1.8828222 -3.5874362 -0.9316009 -0.7983793 0.57491416 0.397103 -1.3752763 -0.5551118 0.47869122 0.99381006 0.42409667 0.63190925 0.31178617 -2.224773 1.3681796 -1.5949081 -1.3904082 0.1759266 0.03381955 -0.6708548 -0.20791906 1.2230939 0.8632157 -0.53660715 0.19036376 0.49872237 0.26799113 0.24715504 9.326719 0.31584418 3.3598442 -5.665974 -5.5248632 -5.222822 -7.9526615 
0.50208455 -0.6822552 -0.4623805 -0.66012555 -0.061775643 0.5997921 -0.21553522 -0.0014423819 -0.53339046 1.2274688 -2.613628 -2.448803 -0.18458547 -0.879662 0.69932574 0.8109921 0.74308103 -1.8189608 -1.8858583 0.9674579 0.23783834 -0.82593626 -2.2305348 -5.0190973 0.03397785 -0.03485045 1.5223236 -2.348211 -0.64446974 0.63174057 -2.1803267 14.223196 -1.5679289 3.7070382 0.6332894 -2.385433 -2.6145527 -4.2298384 -0.77647597 -2.980031 -2.9883106 -2.4493914 
0.07737151 0.11233954 -1.0987419 0.70478606 0.26712972 -1.679541 0.15835041 -0.25392795 3.4654112 -1.2905823 4.3505163 -0.57845914 -0.73293054 -0.6644722 -0.4754694 -1.2119482 -1.0011343 -2.5362644 -1.0217478 1.523568 0.047650956 -0.9991817 0.13239689 -0.97679067 -0.75931025 1.3100259 -0.98636603 -0.21054478 -0.6104796 0.9014836 1.4522151 0.648861 -0.060407344 0.3032248 1.9984554 -5.905606 2.1270766 -0.18268456 -3.5085077 -4.0547953 -0.8622362 -1.2671884 
-1.0800631 -0.416892 -0.041824676 2.0361524 -2.4492462 1.3843049 0.7831719 1.7668052 0.054456342 -0.14330307 0.10579505 -1.5413916 1.9014459 -0.0647203 0.38481435 -2.3777401 1.2062889 -1.5916914 -0.0723968 -0.4453265 0.7296856 -0.1893771 0.18032289 -0.4976944 0.31203896 -0.51322687 -0.6340876 1.5178218 4.8652854 -0.71027255 -0.27843896 -4.3554673 -0.83035636 0.024921482 1.1997283 1.1415313 -0.4469887 0.7496083 -9.082752 3.5305555 -2.5487883 -0.6392385 
1.8070371 -0.25958258 0.56084055 -3.4453409 0.59528 -1.8219787 -0.07786151 1.673316 0.05257594 -1.6253784 0.20154686 -0.15737945 -0.32986176 -1.9413754 -0.9240403 1.106528 -0.0915996 -1.3231341 -2.1185732 0.22109808 -0.45913577 0.0814087 -2.531627 -0.5919546 0.5119311 1.1649809 -2.9603558 2.1464863 9.036495 0.88020295 0.3998572 -1.3736306 0.5730945 0.35181424 -0.3969912 -1.1310906 0.7633481 -0.49561086 -0.015138263 -0.70358485 -1.650778 -0.095844835 
-1.1483756 0.017217102 -0.7310844 -0.95008844 -0.34114307 0.35056132 0.33073744 -0.8160147 0.41879752 -1.8538338 0.7167334 -1.8229238 -1.5929353 0.20684355 -1.9973873 -1.8891922 0.044103455 0.41078284 0.6905117 -1.8865483 -0.2252029 -1.2111143 -1.1052227 -1.1429472 0.44434756 0.22834156 -0.53114176 0.26256135 -3.4106617 -0.531901 0.37314194 -0.46598375 0.4870015 -0.49395096 -1.1320552 2.1708105 1.0068455 -3.232162 0.0018613256 -1.325916 0.97666794 -9.330901 
0.059013136 -2.7981696 0.78828084 1.2980171 -1.233758 0.6547221 -2.207351 -1.7732607 -1.9037725 -0.06848901 -1.4801316 -3.3468015 0.6206167 0.8234097 -1.7839521 0.93314004 -0.37611583 -0.4783772 0.21131094 0.14754982 -0.097007774 0.78440166 -1.2436386 -0.96121365 0.280873 -0.57700944 -0.32777128 0.3408676 -0.29996675 1.0168535 0.41627917 1.0043304 0.8416868 0.4773848 -0.104563914 1.189399 9.324724 -3.0336597 -6.328908 -7.1790433 -7.240477 0.618968 
-1.4773045 -0.39360535 1.142204 0.11361909 1.2170058 -0.27396122 -0.7818384 1.1578203 -0.43667668 -1.3147315 2.0474718 -2.1038058 1.2123641 0.490183 0.40444586 0.2752686 0.6637135 -3.1675239 -1.0841925 1.1603415 -1.1303926 1.540398 0.11626273 1.1497778 -6.4075246 1.2971791 -1.4597744 -0.12787189 -0.055912614 0.085249126 0.16158795 -0.7381168 12.55123 0.8289152 -0.8507416 -2.0691452 -0.78578466 -1.324746 -1.6575401 -1.8375312 -2.6181757 -2.5650065 
-0.05299112 -1.2114645 0.88293886 0.023024525 -0.16556995 -1.2767441 -0.1587186 -2.3606324 -1.3232605 -1.4972728 0.35530752 -0.635593 -1.3199955 -2.710564 -0.02144248 1.8153653 -1.3310974 0.08692963 -0.5165571 0.41035193 1.1718934 0.2122189 1.3082386 1.081439 1.642052 -3.1484444 -0.84591144 0.50153446 0.07585304 -1.6746807 -0.16402538 0.21847695 -3.0183342 -0.9492168 -0.35228145 -4.00713 1.0053439 0.24738398 -5.8881726 0.37530446 0.88102067 0.02603125 
-1.8438462 0.1858744 -2.3826435 -0.09872651 1.1757327 -2.045736 -0.51671684 -2.5319793 -1.802018 -0.76642376 0.22668292 -0.54608905 -2.3877773 1.1951178 0.1326012 -0.14531642 0.40242866 -1.2909595 -1.7624023 2.8841143 2.4426765 0.5873153 0.7752792 -2.4444838 -3.5347886 -1.4581647 0.69682217 -1.5279486 0.64768636 0.8214877 -2.5342107 -4.117313 0.66045034 0.1178072 0.3610098 -4.364208 1.8500234 0.40025353 -4.1951437 1.4988123 0.43190584 -0.59892434 
-1.0015467 -1.4262407 0.48149422 0.8016256 -0.013601452 0.19341454 -1.5340073 1.713994 -0.21801636 0.5796307 0.04174014 0.02592691 -2.555965 1.1082984 -0.27959272 0.80446255 1.0861046 0.37824842 1.4547993 -1.3338498 0.8936216 0.15995233 0.13156117 0.8028906 0.6660929 -1.3088547 1.1452147 2.160429 0.8686478 -0.70945305 0.43065456 19.282589 0.6521968 -0.95742893 -3.437038 -0.37166038 -3.8015158 -3.7771888 -4.5877457 -5.1642923 -1.740072 -0.87218285 
-0.71967 -0.9755007 -1.6513575 -0.09157635 -0.17918013 0.90945584 -1.0075564 -0.60777724 1.1336128 0.30429858 -0.45953834 -2.2255979 1.2685751 1.0987945 1.2634668 -0.54024297 0.18129703 1.5461619 2.7702887 -0.81156564 0.085440315 -0.6881121 1.5433497 2.8986678 -0.020653885 16.407915 2.6874495 0.47574714 -1.5837276 -0.25756913 -0.62268007 -0.4896284 0.61860573 1.3135556 0.48840576 -2.9375725 -5.618331 -2.8874485 -3.672742 -2.413458 -3.4817865 -3.6794229 
-3.7028651 -1.7036977 -1.5128785 1.1709664 2.311356 1.2555844 0.40833974 -1.0003451 -0.8389532 -0.7891437 0.2346991 1.4742819 0.8539568 1.0454129 1.5593014 1.6541322 -3.6016276 1.2757251 2.703683 0.6666122 -0.8981088 -1.3349209 1.5868179 0.4899538 -0.2993828 -1.8932456 2.4188 0.50464296 1.116236 1.2994705 0.4538249 -0.8237042 0.057729937 -2.6284266 -0.88369113 -2.8866787 -5.674936 8.755243 -3.269259 -4.5569625 -0.4771365 0.6705751 
1.8201567 0.10651959 0.5137653 -0.41135138 1.5212494 -0.6541569 0.3637381 1.1915101 -0.49324635 0.65344334 0.2266282 1.6904181 -1.4995179 -1.1599652 0.4134731 -1.9126968 1.0817231 0.71515274 -2.2063026 -0.2048406 -0.003839776 -0.7860343 -0.5533642 -1.9998021 0.061662287 0.3541328 -0.32360256 2.3434017 -0.09648088 0.9317655 -0.87888664 -0.4872284 -0.6338348 0.8026255 -0.20189533 -3.4535081 -1.8912593 -0.041010648 -1.1648558 -2.3809705 -6.305932 3.49282 
0.0065913447 -1.105225 -1.0359563 -2.515694 2.9778614 -1.5177642 -1.3062779 -3.0415292 3.3396716 -0.8122358 -0.46245855 -0.31569177 -2.3451807 -1.8619062 1.0094748 -1.7964462 0.007519071 -0.7555848 -0.3380763 0.6958445 -0.032167982 0.5233177 0.05475278 -0.06633127 -0.11208123 -0.011356039 -0.58877474 0.12862095 -0.08639685 1.9013735 1.6219838 2.1883972 0.44163767 -0.06593539 -0.9130746 -0.9566899 -8.140406 -4.7874107 -4.932277 -3.0502322 4.751928 2.7697816 
-0.62689424 -1.0104339 -1.1816875 4.499736 -1.5498072 1.5227671 0.32849312 0.4904438 1.1846988 -1.4217576 -0.2744747 -0.42364094 -1.9101781 1.8084966 0.26384237 -0.76930255 0.20387582 0.57935834 -0.8664553 -1.747717 1.775765 0.86280376 0.5878561 -0.70912594 -0.7243526 0.5922008 0.60645133 -1.4708499 2.0518894 -0.21072079 -1.0160818 0.67413384 0.81433004 -2.9404767 2.2369027 6.070408 -2.5517943 -2.3812783 -7.7915974 -9.151448 -2.5795166 5.421892 
-1.3561554 -0.07399958 -0.21591912 -0.45885956 -0.11304342 0.5420851 -0.9840388 -1.3345586 -1.3477066 -1.0599812 -0.055384684 -0.22868973 1.2207303 -0.8677436 0.26460025 2.0564454 0.123816766 1.743668 -0.38432252 0.38050178 -0.786906 1.9364285 0.006210806 -0.8006664 1.6335896 -2.1867154 -3.1421218 0.12016656 0.6297065 1.0358849 -0.4728349 -3.7666333 -2.9406695 -1.2781982 -0.81948596 -0.9732675 2.351748 0.11533725 -0.37504765 -7.500995 -1.8096102 0.30629012 
0.5902414 -0.96147925 0.4910364 -2.190753 0.9550863 1.1964101 0.33783808 -1.088142 -0.8199141 1.3817747 -1.9664572 -0.57347167 0.8141371 -0.6805389 -3.5057938 -2.251325 -0.86047053 1.0282199 0.46205014 -1.2173195 1.1033913 -0.5198051 -0.3884561 0.31351095 0.57186943 -0.7282964 1.2988436 -0.106718294 -0.6838388 -0.6968541 0.7179771 0.3134926 0.10323955 0.42829347 -1.9655364 -1.8027817 -4.5024905 -4.0093412 -4.927319 3.1323688 -1.4305304 3.3138149 
-0.34293023 1.0885867 1.0053613 -0.8417505 1.3591577 2.0938919 0.7761736 0.042107858 0.27703753 -1.3516427 1.92579 0.64732695 -2.1150193 -0.07206258 -1.0978379 -3.702749 0.61220086 -0.7812659 0.5304704 1.3839293 -0.96231806 -0.8881066 0.46159527 -1.9904943 0.6153816 1.9067054 1.2362766 -1.0725994 -0.47981146 -1.2141044 -1.1708473 1.5006418 -1.8801893 -0.40383813 1.0259945 7.647408 -7.5253563 -4.504522 -4.8875055 0.9074429 2.8862336 1.2400438 
1.5959921 3.0837295 -0.7701241 -0.7444711 -0.8242108 -0.44674742 -0.3689643 -0.7564639 1.7575094 -0.9193454 0.34746334 -0.4430575 0.47132078 -1.43976 0.49138883 0.93144214 -1.4714473 -1.0679911 0.99043167 -1.1326977 0.20601979 2.4810977 -1.3543365 -0.6363889 0.6935115 0.4558691 0.1879262 -0.9005303 1.339427 1.5650759 -2.5610564 0.5562141 1.5674387 -0.47831416 -0.5344406 1.0030491 -0.9787444 -7.879583 -6.5243444 -0.36598969 -0.75905657 -1.1599623 
-0.036680292 1.2570708 0.5101727 -0.24907605 1.3129028 1.0688688 1.2018559 -1.9391344 0.26244202 -1.1978387 -0.33541042 -0.3666893 -0.12219256 -0.54047155 -0.794016 0.55022997 -0.96659106 0.41982588 0.29418814 -0.2077584 1.0337013 0.108402364 1.8115447 0.17017867 1.7714641 1.0366862 -6.953337 -0.5904711 0.31661156 0.60671824 -2.7545424 -3.7359943 10.823636 -3.5132189 1.0296673 -0.41605902 -2.0060005 -2.2453177 -2.3163137 0.36533958 -3.6650116 -0.7288197 
-1.1028113 -0.36724433 0.19717728 -0.07153392 1.9495538 -1.0235435 -1.5383468 -1.0482485 0.10836554 -2.3025327 0.083585106 -2.0881553 0.63644344 1.1406022 -0.97046053 -1.18305 -2.388593 1.6872948 -0.35170504 -2.426841 -0.23976772 0.1498211 1.1002961 2.484814 2.7902932 0.8307244 0.22740346 0.6431755 -1.538095 0.46552837 3.0526772 10.4426365 -0.65752035 -2.1980376 -0.8135038 0.28701413 0.7567242 2.7912152 -7.55345 2.18372 1.8492472 0.69875145 
-0.3680888 -0.024723887 0.39657933 -0.88266915 0.3405055 -0.2829762 0.46007955 -1.4281068 -0.39789453 1.1599231 -1.2770402 -0.730485 0.20659073 -1.1710225 1.5797032 -1.7625936 -1.0185353 -1.0370208 -0.29949498 1.7542504 -0.74614173 -1.0104324 1.3342509 -0.7221126 1.7409481 0.19496956 0.79920024 -0.52410305 0.70491004 -0.49599934 1.094795 -1.1687624 -1.0117965 0.27987334 0.80637 -0.14766167 -2.174392 2.5229897 -5.011463 -5.228271 0.61721534 -0.7209199 
0.31935215 -0.51548237 1.0785277 -1.8876868 -0.40444 -0.27967083 -0.20459525 2.4333894 -0.5275377 -1.686069 0.1992053 1.298659 1.1010524 1.3314494 -0.099851646 -0.3671362 1.4819015 0.7624432 -0.6559779 0.8994276 -0.38502136 0.62477636 0.76552844 0.6055144 17.77557 0.27680096 0.07162986 0.81634915 0.7060117 0.612177 1.1275643 1.9220698 0.4907727 0.4315538 -0.0027216116 -3.8044887 -6.299969 -3.9865754 -2.028471 -3.549488 -3.671653 -3.3438365 
-2.648026 1.1900556 -0.9006452 -1.8659955 -3.0821538 -0.07924304 0.46897838 -0.24282137 -0.4880627 -1.4553868 -0.47329155 -0.78184915 0.7835957 -0.68675834 0.23116675 0.45753953 -0.5697775 1.2113128 0.071512274 1.7353413 1.6516178 0.7846369 -1.4661529 1.7044781 -0.98348194 -0.59122455 -1.3547009 0.020007668 2.5338676 -1.8403448 18.346603 -1.9395778 2.4732409 -0.10318211 -0.65647966 -4.519595 -2.7780123 -5.8313217 -5.063678 -1.5681223 -2.7480166 -2.5692475 
0.34204578 -0.8570059 0.8482065 -1.0886334 -0.42695102 -1.7111881 0.1064621 -1.6282142 -2.0050223 0.31805745 -0.3043027 0.6690273 -1.331905 0.5252551 0.9666834 -1.4480568 -0.62096405 -0.41120258 0.012749058 0.53742903 -1.2314606 0.055469763 -0.12713362 0.17101693 2.862763 -0.39919424 0.34480098 0.46400702 -0.7123321 -0.29117736 -0.3767043 -0.07618606 0.5072709 2.0277061 0.06563327 -0.9731753 0.20213263 -2.4264078 -4.116328 -7.2563944 -0.016760578 -0.567445 
-1.0924978 0.36298937 0.95996124 -1.0036198 3.2314684 0.19128801 -0.45412266 -2.3657105 0.92435426 -1.6908586 -0.06708621 -0.58320296 2.3821867 -0.3394169 -1.3085216 1.284151 1.0742592 0.0360253 0.20734839 1.6224148 0.679097 1.1881512 0.11553226 -0.27586564 1.3760922 1.2228192 -1.5274888 1.6567826 -3.2849844 -0.56623733 -0.7801624 0.2690587 1.4728181 -2.9230385 0.4789201 0.073120385 -2.9153712 3.4742324 -1.5411257 -0.17082196 -7.159229 -1.9478409 
-1.6847383 0.5610934 -0.68470156 0.08645218 -1.4594156 2.4877963 -0.14513102 1.0297194 -1.4647157 -0.67878705 0.024326188 -3.0229015 1.612861 0.07245976 -0.2718473 1.3654532 -0.6175919 -1.7542989 -0.91122806 0.44754812 0.7350345 0.52310514 0.36947352 -2.0320601 -1.2333297 -0.38283437 0.28050822 -0.26047853 1.0807604 0.66827226 2.044867 0.312908 0.39222917 0.8199182 -2.6252747 -6.020279 -0.34789318 -0.4309079 -0.0891364 0.15963857 0.37858158 -7.4170513 
0.77176994 1.4583286 -4.676955 -3.485045 1.4679679 0.61616784 5.1363745 -1.836629 1.5056874 1.6077181 0.8459369 -7.7513 2.756993 -1.957618 -5.112606 4.675434 4.976751 -3.3473601 -1.4909834 -4.666616 1.5063349 4.0396543 -0.55017436 0.46942386 4.3144245 0.43544737 3.3706498 -2.1487086 8.11458 1.7988025 -2.864129 -3.2939181 3.1371965 1.1038713 1.0924734 
-0.14327459 -1.0023953 -0.13481534 -0.012180368 -0.34574634 -0.9007895 1.9546869 -1.3164107 0.65159196 -0.9518767 0.9157277 -1.7691573 -2.1137807 -0.6445108 1.9082054 -0.23805451 -0.60651463 0.5330935 -0.20440365 0.18898259 -2.1184113 0.45662153 -2.6703587 0.2312745 0.24660575 0.38552782 1.0302168 0.56357545 -1.4767164 0.3587476 -0.37399593 -0.9197344 -0.11426677 -1.2584858 -1.8684233 
0.1716789 -1.2563506 -0.57909626 -0.44736493 0.5474322 -1.19389 0.8441486 -1.3677111 0.8894233 -1.001881 0.27414483 -0.9483243 -2.2482274 -1.5775853 0.08396357 0.16741489 -0.30964676 1.8581781 0.9566166 0.34091535 -1.5834485 -0.3000721 -1.7333102 -0.08960152 -0.9028407 -0.34408173 -1.4812357 1.53968 -0.74945056 -0.714593 -0.05426275 -0.7439066 -0.6695287 -1.3891696 -1.2377851 
-1.3173225 0.026075488 -0.2865948 -2.180607 -1.397178 -2.6228693 0.4186587 -3.3870416 2.6778448 -0.32299495 0.082737595 1.1449487 -2.5050313 -3.7634985 2.765126 0.13621826 2.0367424 0.7304263 -0.8226221 2.7337759 -1.4017823 -3.927926 -2.2734048 -0.94300365 -4.382216 -1.2274735 -1.2668135 1.2146226 -1.2425417 -2.8681424 -0.11763582 1.1819165 -0.54596245 -1.2161645 -1.4822162 
-1.76819 -0.38851923 -0.8391549 -1.7412539 0.5293997 -1.7908869 -0.6508554 -1.7018334 -1.253733 -1.8985553 -0.757894 -1.4188168 0.7343935 -1.4612975 -0.2485615 -0.44278672 0.75730836 2.4917614 2.0633876 0.70040095 -1.1452721 -1.539425 -1.958311 -0.4299188 -2.2468867 -2.1480193 -1.3151703 -0.8040115 -0.8590549 -1.4672028 1.3917091 1.9125414 -2.0798163 -1.2710274 1.5044713 
-0.31002307 -0.10502359 -1.2868497 -0.45117858 -0.36400333 -1.110946 -0.08253893 -0.50896543 -0.015571624 -0.25860974 -0.18030995 -0.533403 -0.7700261 -0.93390423 -0.039552085 0.663188 0.09569326 0.21674792 -0.2758517 0.57392436 -0.4351967 -0.74802095 -0.2981481 0.03191704 -0.5463384 -0.4306615 -0.16813682 -0.3961452 -1.2731102 -0.3291726 -0.31986484 0.7710453 -0.11752314 -0.1381268 0.019584998 
0.68086004 -1.910488 -0.7450844 -0.97780496 0.47880322 -1.3292252 -0.3024202 -1.9940143 1.8958163 -1.3538955 -0.5211611 -0.6743752 -1.8533881 -2.0050654 0.64430034 -0.73328143 0.41715053 0.6413902 1.302738 0.39947295 -1.7371893 -1.4196191 -0.49085674 0.18616255 -2.1814268 -1.0466743 -1.7751441 0.25377345 -0.44363046 -1.3883947 1.2885714 0.3783397 -1.0803634 -1.3838023 -1.3666321 
3.3545878 -0.4834019 -0.41307032 -1.763049 2.3740356 -3.5805328 0.7490936 -2.125561 0.10209558 -3.4511638 -1.654252 0.088011585 -2.2886214 -4.9474072 1.1644372 -2.843947 -1.0580698 3.200204 -0.1809609 3.704945 -0.9807907 -2.5245225 -2.3730788 1.2002726 -0.77902806 -1.1142371 -2.9671435 -0.608222 -0.06480059 -1.3118868 2.3270774 0.68174785 0.19495262 -0.15483055 -1.2791098 
-2.272165 -2.6346388 -2.4059627 0.09803171 -1.7695221 -0.8337158 -0.018617695 -0.20889089 -0.07868874 -0.75889736 2.8132722 -2.3448913 -3.2440307 1.0298355 3.0567198 2.5626018 0.8047541 -0.32052004 0.30015048 2.3822265 -2.5610087 -0.8064464 -2.2875304 0.44075897 -0.08129265 -0.25542384 2.9959195 0.42245817 -2.004868 3.296888 -0.5426084 0.8676045 1.7735938 1.2377787 -1.1625242 
-0.62417626 -0.9814713 -0.092233054 -1.4441805 0.73321515 -1.4493104 0.20792489 -2.3239863 1.2564576 -1.2238402 -0.115708284 -0.71118104 -1.7870979 -1.9342784 1.1121484 -0.92622644 0.12274073 1.0148623 1.6658307 1.2395644 -1.5452589 -1.877645 -1.5318812 -0.07304736 -2.5799146 -1.0321562 -1.9956249 1.1558167 -1.2219483 -1.6715847 2.0267844 1.0582515 -1.178457 -2.4555 -1.4084879 
0.05446269 -0.7801212 -1.2920984 -0.46818933 -0.6193848 0.3646907 -0.25758755 -1.0188348 -0.029617142 -1.127618 -0.9154364 0.35406363 -0.3180174 0.051620957 0.5150977 1.3736427 1.6762753 -0.050446637 -0.53806543 -1.3253278 -1.3494922 -0.42636532 0.4758894 1.0839603 1.3695842 -0.51051867 2.9802284 -0.20441689 -2.207989 1.3185241 -0.3964346 -1.0474745 1.799152 -0.8835343 -1.7859092 
0.5349713 -1.301854 -0.9505859 -0.4784362 -0.3489044 -1.7453386 -2.4639544 -2.6918526 1.8979461 -1.750726 -0.8875568 0.6504045 -0.75325567 -3.4444132 1.0975094 -0.8284556 -1.5476487 0.61398137 1.28256 -0.063036114 -1.3803936 -0.85061187 -0.75411403 3.0197577 -1.1584479 -0.15705088 -4.295558 3.643909 -3.1040359 -1.0998527 3.6348436 -1.929271 -1.4817681 -2.0615287 -1.3035955 
0.64028883 0.29989326 -0.6724655 -0.65883565 0.028501697 -1.3673316 0.44109824 -1.1396315 -0.20267661 -1.0981982 0.49980548 -0.8550507 -1.778784 -1.296406 0.81738627 0.41984776 0.30003405 0.44051158 1.6197702 -0.28341338 -1.1965294 -0.9373098 -1.1266215 0.20777369 -0.36585316 -0.44653657 -0.28874463 0.3745546 -0.36377755 -0.73307306 0.57527024 -1.3462372 0.07025385 -1.0549536 -1.6570442 
-1.8283743 -1.5192087 -0.21907015 -0.97133905 -2.442751 -1.834092 3.2692797 0.46628729 -0.79792875 -2.1400626 3.9671364 1.1959989 0.4409227 -2.4369695 0.8919127 2.5841792 1.430799 -1.9844146 1.1641635 2.249485 0.8115182 -2.0215898 -2.1059866 4.1050544 0.53169525 0.7645905 1.8423297 -1.0298544 -1.9297922 2.796874 -0.83947057 1.3091565 3.8385122 0.90853184 0.8390675 
0.8397637 -3.283461 0.1264721 -1.9387037 3.087889 -0.4344389 -0.75517327 -2.3031151 -0.08299012 -1.3856925 -0.5564958 -2.0679855 -3.3112524 0.7708156 1.4728504 -1.7226454 0.7157983 3.3126187 0.7637937 0.44894502 -2.427909 0.7394711 -2.3278966 -0.077683136 -2.1191964 -1.3022269 -2.4368398 2.7733548 -2.1364267 -0.7845145 -0.43187788 2.0663164 -1.7864404 -2.5010476 -1.8546088 
-0.013157133 -0.27725717 -1.1318268 -0.41960883 -0.56114066 -0.41673285 -0.26089215 -0.7236782 -0.072053626 -0.45151228 -0.5975321 -0.49664253 -0.56655055 -0.7653243 -0.04139673 0.10579997 0.41969943 0.15119827 0.029464854 -0.048117526 -0.41881138 -0.5750841 -0.3869903 0.07899289 -0.33208457 -0.5577985 -0.2794854 -0.22509806 -1.0776615 -0.4685999 0.3133075 -0.043903183 -0.14283451 -0.2305434 -0.26649657 
-3.42379 2.029721 1.589024 1.8000971 -3.7918053 0.44315398 -1.927423 1.7171798 -4.5514855 0.20274484 2.084796 1.7274595 1.3565861 0.373638 -0.9168888 -2.3219817 -4.6644316 -1.1939158 -3.6884196 -1.3852932 -0.60570914 -0.65281045 0.14618266 -2.8108568 -0.47807658 -1.3183427 -0.7122025 -3.76944 0.08969359 -1.1478248 -1.9377264 -3.8953226 -2.5863607 0.6910762 1.1604214 
1.2273898 -1.7085466 -2.3208878 -1.2499232 1.6646105 -0.4045733 -0.69806445 -1.8699158 1.190919 -1.6561639 -2.2776506 0.53173995 -0.6249885 -0.8387858 1.1253527 -1.7542757 -1.2138094 2.0221763 0.88926166 2.2192533 -2.2177396 -1.3754425 -3.1371315 0.6350455 -3.5859752 -3.2977567 -2.067296 0.78538567 -1.6883867 -2.028624 2.6496427 3.8743238 -2.7435172 -1.8338288 -2.6911242 
2.527559 -1.0791641 -0.40955937 -0.5204312 0.5088104 -1.4025993 0.88312185 -1.6439369 1.1554615 -2.4579828 1.1881918 -0.86781037 -1.8669006 -0.87981045 1.0844654 1.2340806 -0.3234045 0.8423433 1.109666 -1.1583933 -2.5738134 -0.7820222 -1.4059238 1.6835179 0.85914576 0.05487785 0.20795074 0.16049618 -0.080386914 -0.23109251 -0.5448206 -1.3817548 1.4062606 -0.5643496 -2.6621602 
-0.18728489 -0.27707654 -1.0030116 -0.27599987 -0.26060706 -0.8102748 -0.11451065 -0.7031294 0.45961872 -0.40825582 -0.6953077 -0.65308565 -0.7923662 -1.3371719 -0.19964796 0.40217757 0.52947456 0.83281475 0.21591808 0.34750754 -0.71868116 -0.97020054 -0.8314719 0.054265488 -0.574608 -0.8407447 -0.36337894 -0.13401297 -0.8490323 -0.9356725 -0.13799076 -0.2458093 -0.12658876 -0.47689214 -0.32369015 
-0.7018205 -1.4419912 -0.7782623 -0.8312092 -0.3984961 -0.7983048 0.57108957 0.4350191 -0.30801672 -0.53793997 0.3949308 -0.30802116 -2.3173308 -0.31787416 -0.2643292 2.375649 1.3169641 -0.19982412 -0.3879431 0.13609236 -0.5133489 -1.698089 -0.50893044 1.2589774 -1.9124683 -1.8742467 1.1949835 -0.58696634 -1.7833482 0.19777374 0.35460284 -0.6426441 0.6331798 0.5629974 -1.7816727 
0.1383922 -1.5844061 -0.64327717 -1.5674472 0.5832598 -2.6111863 -1.74301 -2.874552 1.9354464 -1.7427477 -1.394684 -2.8248465 -1.85174 -2.8041756 0.16885562 -2.2025316 -0.015180451 1.2436752 2.6347537 -0.545503 -1.9420054 -2.2966566 0.25249693 0.2291618 -2.3900318 -1.4822062 -2.1213496 0.19304937 -0.82573825 -1.7159783 3.2531748 -0.49729297 -2.002445 -2.081678 -1.8460019 
3.7508352 -2.0315964 -0.41865313 -2.4947083 3.6594918 -1.8218113 -2.7050602 0.06410036 1.4422537 -2.2741373 -0.91278017 -2.1061444 -0.60581636 0.86126524 0.98016906 -2.1283689 0.20228818 0.07225206 1.5280628 -1.0773991 -2.1859384 -0.8863097 -0.44058645 4.0200377 -2.1854095 -2.1343458 -1.4747814 -1.2173936 -2.1286085 -1.9437717 1.8088382 2.9793804 -2.0703964 -0.6789515 -0.5446901 
-2.5494 -1.9896237 -2.274758 -2.0445316 -0.8380846 -1.5420884 1.5364532 -2.976682 -2.2979043 -1.6982344 -2.1662753 -1.9288281 -4.650417 -2.867551 -0.856119 -2.552484 -2.4789422 -2.404933 -0.983505 -1.6163034 -2.0633552 -0.8517046 
-0.5757684 -0.7505876 -0.80781806 -1.144157 -0.562317 -0.6422006 -1.1303138 -0.8515788 -0.8737765 -0.88797736 -1.7182597 -0.48813525 -1.0100968 -1.2797214 -0.61118245 1.3539344 -1.5998902 -0.38590413 -0.594449 -0.5807203 -1.3609445 -0.77130276 
-0.5242664 -0.62735987 -0.66122574 -0.8686657 -0.56869996 -0.8724772 -0.8477593 -0.2062918 -1.055733 -0.25722608 -1.602402 -0.47476602 -0.9004162 -1.351486 -0.30944982 1.4385644 -1.5888966 -0.55570567 -0.34082508 -0.10347572 -1.316352 -0.6497922 
-0.25556952 -0.39223388 -0.69105506 -1.014527 -0.2621742 -0.56278044 -0.693137 -0.28702757 -0.8734551 -0.27430734 -1.6442155 -0.35569894 -0.7357303 -1.2694327 -0.5538804 1.5507939 -1.805139 -0.48322594 -0.4682676 -0.44648233 -1.5573019 -0.6444209 
-0.37545592 -0.28633714 -0.90827215 -1.0100338 -0.4256334 -0.9095379 -0.3598936 -0.16938837 -0.8337624 -0.28012502 -1.5210841 -0.5552429 -0.58294696 -1.1777892 -0.39166015 1.372695 -1.6516458 -0.2198085 -0.57028013 -0.17691886 -1.5728996 -0.87237805 
-0.30657834 -0.42514536 -0.8831166 -0.9835074 -0.3921555 -0.8105573 -0.77539235 -0.348341 -0.909708 -0.42138392 -1.591359 -0.51723784 -0.8025016 -1.2904098 -0.3087894 1.5172184 -1.6940453 -0.34972358 -0.358983 -0.3555746 -1.4005339 -0.67193276 
-0.09697406 -0.13792929 -0.78996694 -0.7951022 -0.12126794 -0.7199022 0.09197742 -0.29573777 -0.7151323 -0.25397432 -1.6422336 -0.26380926 -0.14209317 -1.2343773 -0.50435853 1.2201046 -1.999316 0.06647173 -0.4697602 -0.52608645 -1.6999346 -0.9653804 
-0.5976153 -0.41767874 -0.51206166 -0.7705278 -0.43531743 -0.7396712 -0.5469043 0.0003274903 -0.8335331 -0.17163871 -1.7032527 -0.54801893 -0.700482 -1.3146831 -0.52415454 1.4067824 -1.9129386 -0.15659526 -0.46478453 -0.23062141 -1.379925 -0.774188 
-0.5626753 -0.8567671 -0.97487134 -0.97913104 -0.47325775 -0.99130404 -1.4916074 -0.40650356 -0.65601116 -0.53483546 -1.6389455 -0.71761096 -1.4249775 -1.2270062 -0.2725281 1.7087985 -1.6024952 -0.66602975 -0.6628695 -0.316722 -1.421634 -0.6286429 
-0.34312797 -0.3223366 -0.65986866 -0.94831675 -0.4349851 -0.5854486 -0.36347228 -0.14681831 -0.8396006 -0.2396139 -1.6344293 -0.27910316 -0.47719082 -1.3851037 -0.20663185 1.4529089 -1.7950997 -0.43048352 -0.40802976 -0.22738115 -1.6183903 -0.646882 
-0.32474735 -0.51234204 -0.7484779 -0.74616176 -0.29526773 -0.5527056 -0.6391894 -0.0445445 -0.9719129 -0.26735154 -1.4902495 -0.28058878 -0.6678771 -1.2188542 -0.26163036 0.9280375 -1.8199716 -0.5401097 -0.28953508 -0.3911365 -1.7040806 -0.5527363 
-1.2587131 -1.4591764 -1.5866328 -1.6801598 -1.5324111 -1.9863781 -1.605701 -1.0914795 -1.7682616 -1.5626303 
2.6647015 2.5620565 2.4461584 2.5602703 2.6418512 2.3897865 2.6022966 2.9644816 2.6467865 2.8236086 
-1.3114846 -1.2104412 -1.2387701 -0.9199239 -1.121322 -0.8037137 -0.8974093 -1.4594418 -0.7724787 -0.6218216 
-1.492849 -1.3420992 -1.6819628 -1.8042871 -1.324236 -1.4984958 -2.1059048 -1.2833116 -1.7876613 -2.1561556 
2.4311461 4.4616303 -6.9463716 
