0.38313675 0.053801514 -0.23672895 -0.3748604 -0.24162501 0.68165123 1.1813458 0.30038074 0.22805801 0.2311024 -0.5955068 -0.6406581 0.5167933 1.7199491 -0.18630442 -0.13222416 -0.50674653 0.122298144 0.01004757 -0.42193076 0.37106505 0.16904017 -0.41606688 0.20507883 0.49072143 -0.44950515 0.36476415 0.18456987 -0.94122326 -0.6150437 -0.25420198 -1.0030683 -0.25367126 -1.0463115 -0.13318223 0.1020517 0.38130283 -0.11564522 0.01365652 -0.048147164 0.5013129 -0.44530118 
0.30509236 0.08598672 0.03370695 0.17754938 -1.1919427 0.56051743 -0.8777629 -0.27904823 1.1552547 0.31488332 -1.0110298 -0.5809959 -0.2500218 -0.18832938 0.19910938 -0.5405854 -0.12506585 0.32461193 -0.24990651 -0.08425059 0.121375486 -0.106511235 0.24919 0.024795623 0.064784825 0.124768876 0.041501224 1.2078384 0.4669098 -0.17095877 -0.16573669 -0.18065132 -0.18571857 -0.47573906 -1.9339457 0.07332488 0.51276165 -0.24337679 0.0026872223 0.029773837 -0.21226908 2.5027575 
0.22190809 -0.3387608 0.1911025 0.061021842 0.26146185 0.1250172 0.14373003 0.014061556 0.026280776 -0.51021564 -0.31775472 -0.39248997 0.13732423 0.44536883 -0.104762554 0.24935032 0.08907344 0.7162254 0.15118168 0.066600785 0.13311262 -0.02248429 0.06442993 0.39847505 3.8685563 0.4316843 -0.013264901 -0.19464485 -0.24635449 -0.095967196 0.5829015 0.7500143 0.41670832 -0.11543953 -0.12165491 -0.49585408 -0.8179257 -0.9052914 -0.7209514 -0.3144553 -0.9516207 -0.26799688 
0.32971555 0.3840657 1.5558003 0.40271074 0.6355349 -0.07931939 -0.40030283 0.022824645 -0.7112996 0.52888274 0.0005826012 -0.10217382 -0.28452435 -0.10943671 0.25245142 0.3952679 -0.07057566 -0.0010019137 0.20731655 -0.08042737 0.31660816 0.45605707 -0.3577958 -0.12286599 -0.44696724 -0.04393524 0.08015223 -0.022317195 -0.6931994 -0.2672011 -0.015872678 -0.019158758 0.04162779 -0.68624777 -0.18627515 0.4657958 -0.08002951 0.13136137 -0.17902867 -0.09399108 -0.6970846 -0.012312343 
-0.1064323 0.7627953 -0.057964854 0.17468664 -0.063961126 0.094342485 0.00853356 -0.33045083 -0.18415318 -0.057256676 0.54585296 -0.115071334 -0.21968694 -0.37036347 -0.6310559 -0.2530674 -0.085446045 -0.04764978 -0.45610932 0.13208443 -0.23140635 0.007713488 0.26309782 0.1709413 0.2642692 0.37058982 -0.061929435 -0.18696763 -0.78425795 0.012769927 0.2584651 0.58216107 -0.006912152 -0.07607667 -0.029481903 -3.7418272 -0.1927237 -0.48854667 0.52274066 -0.2192168 -0.074794784 -0.027557265 
0.4309535 0.014420884 -0.5217056 1.052297 -0.39194196 -0.14987679 -1.4364349 -0.8386204 1.1578096 -0.70172167 -0.6647632 -0.14037877 -0.14101875 0.30340424 0.021778015 -0.1802297 0.36191958 -0.1768556 -0.10041701 0.2485227 0.31118 0.7341682 -0.20099331 0.056002755 -0.08100894 -0.089256994 -0.024226353 0.34270242 -0.66825414 0.8549231 -0.19983278 -0.26425576 0.021171309 -0.25188127 1.8941 0.65258986 0.55517906 0.10804691 -0.8621366 -0.9125789 -0.98778963 -0.04230935 
-1.1853698 -0.7486693 -0.41364563 -0.7909848 -0.34864601 1.4618112 -0.25381833 -0.029127367 -0.44125417 0.12875064 -0.17977029 -0.9572472 0.67643714 0.14267585 0.03749605 0.063772745 -0.027485147 0.07921969 0.13774376 -0.58680356 0.10854908 -0.24703543 -0.4145161 0.056541223 0.10376559 0.1999476 -0.012160954 -0.35605022 0.057365187 -0.0928297 -0.070126824 0.09592888 0.2559017 -0.01887657 -0.45724168 0.09560013 -0.0779978 -0.46123478 0.53972906 -0.08096414 -0.14677118 -2.5758586 
-0.00024356769 0.015599534 -0.04543153 -0.15429449 -0.07448375 0.10703724 0.015937895 0.022563202 -0.09879626 -0.022346135 0.016543303 -0.114111386 -0.011276021 0.00067191164 0.09194134 0.04546457 0.08391795 -0.101488754 -0.13092494 0.0050687515 0.13600937 -0.16232023 -0.11552302 -0.015941517 0.0071311817 -0.11438785 -0.11206349 0.000725522 0.09988371 0.043771375 -0.16553749 0.06465697 0.06295701 0.078860104 -0.16386949 -0.16624978 -0.0938116 0.079399996 -0.030184982 -0.0962874 -0.15890001 -0.101227775 
0.61061734 -0.51952547 0.74128664 -0.06989461 -0.11050908 -0.6702721 0.23554608 -0.27230313 0.04765772 -0.17957607 -0.021023454 0.51197875 -0.07924064 0.8302813 0.33306015 -0.21352452 -0.12697425 -0.3509245 -0.23244749 0.021555465 0.08440335 0.03503635 0.27678797 -0.5051302 -0.54165375 -0.6723031 0.070104524 -0.07495078 0.19418618 -0.6142646 -0.49450022 -0.38710365 -0.61200035 -0.012043693 0.4086162 0.33879164 -0.18196599 -0.786131 -3.2471511 -0.32541564 -0.2785963 0.12425765 
-0.77540094 -0.34761494 -0.56658655 -0.29733256 -0.035000514 0.53699565 0.70321345 -1.2042663 -0.5853111 0.26265538 -0.826915 0.16926876 0.44496602 0.37887004 -0.50371057 0.26461568 -0.389965 0.23158318 0.04416061 -0.29608592 0.068867855 0.10234079 -0.04045049 0.22166158 0.2792229 -0.03530947 0.2098941 -0.36960214 -0.90254295 -0.4102668 0.19696273 -0.11985899 0.19746666 0.46600673 1.5079404 0.22355011 -1.3418502 -1.3421191 -0.790728 0.030155877 0.85169923 2.5581734 
0.3058712 0.8121881 -1.2670144 -0.12447655 1.5054541 -0.4893028 0.30545607 -0.103585675 -0.34173155 -0.42545766 0.24571207 -0.6210335 0.28907233 -0.30111626 0.60948944 0.122337766 0.06621808 -0.038814664 0.73067766 -0.40581623 0.061139725 -0.36505774 -0.27472728 0.7309331 0.7854577 0.07112761 -0.42252108 -0.28219756 0.17150736 -0.16375461 0.15819255 0.72386074 0.02512048 0.05252102 -1.2085366 1.0137999 -2.6720042 -0.79370654 0.027908962 -0.3329779 0.044565137 0.107227966 
-0.20725359 -0.14746535 0.38553005 -0.17677918 0.30073503 0.2719829 -0.027314136 0.110896066 0.24208695 0.62744576 -0.3573135 -0.38475838 -0.21628635 0.2347795 0.022130253 0.3036552 0.2219515 0.19093634 -0.025969196 0.14649467 0.30291623 -0.23841761 -0.047412544 -1.9434329 -0.35101548 -0.06540178 0.4655698 -0.13098918 0.1140906 -0.20354673 0.03092571 3.3609915 -0.16680676 0.2888383 -0.24463291 -0.7578606 0.2817031 0.25521123 0.27456236 -0.09551356 -0.4385779 0.049043756 
0.34628987 0.09706215 -0.17466676 0.005549855 -0.06945219 0.011524829 0.42638406 0.15762581 -0.35886082 0.09000938 -0.19903086 -0.30119416 -0.1512584 0.32874355 0.029848289 -0.039404113 -0.1894042 -0.9648519 -0.52462006 -0.4656573 0.12830375 -0.07139934 0.085087776 0.12099765 -0.33168897 -0.2845637 -1.3436813 -0.2846323 0.044686105 -0.2887444 0.5550752 0.86935383 0.98078614 -0.015663961 0.3953591 -0.27682254 -0.23057017 -0.60019606 0.51993716 0.74110717 -0.3023913 -0.6371787 
-0.11585006 0.098718055 -0.46139106 0.047335967 0.011598636 0.16530879 0.060788155 0.33007708 0.25266638 -0.37661138 0.04472335 0.14890794 0.008598288 -0.111862816 0.0643282 0.280133 0.26901665 0.13406709 0.12273737 -0.096728094 0.0941205 0.23227426 0.1687255 3.4899948 -0.4351394 0.09728912 -0.15604933 0.10092677 -0.17392138 -0.08267716 1.3909594 1.5486821 -0.00138241 -0.042384706 -0.4122167 -0.47980723 -0.5972191 -0.8974236 -0.54424274 -0.9098401 -0.4593341 -0.0750625 
-0.06783032 0.19382727 0.20602362 0.0849538 -0.47655785 -0.34608468 -0.15498789 0.048905622 -0.092897475 -0.05450156 0.28322154 -1.0572593 -0.14927602 0.28953215 0.25342146 0.006099208 0.12026189 -0.116349936 -0.35416836 0.21619013 -0.060965188 -0.06441704 0.22088341 -0.003287865 -0.8346362 2.3837407 0.58645546 0.107944034 -0.3447307 -0.25970662 -0.18870927 -1.204543 1.9133521 0.103888646 0.090374395 -0.08935641 -0.2799276 0.0077855377 -0.28545654 -0.07103191 -0.48352027 -0.20665374 
-0.51621383 -0.41293663 -0.59797186 -0.7677262 1.7103909 0.7237817 0.24475521 1.7129744 0.3160456 0.25966296 -0.056616545 0.07365784 0.21635886 -0.18288846 -1.0425208 0.11895313 -0.77652097 0.083185405 -0.5348827 0.3942166 -0.1719535 0.02217898 -0.4151057 0.14259106 0.14115596 -0.05766601 -0.4434611 -0.09363354 1.010669 -0.2079006 -0.09660936 0.26575547 0.12555283 0.72778904 0.94628733 -0.63119364 1.3717227 0.38490966 -0.41666642 -0.14970402 -1.4684626 -0.89642227 
0.86413145 0.3434892 -0.1837981 0.695648 -0.9399956 -0.5110951 -0.48330998 0.32024902 -0.54230464 -1.1167395 -0.60434455 0.16522531 -0.27434486 -0.990667 -0.20296602 -0.27828285 0.15518403 0.023437604 0.13019747 0.30721366 -0.40195388 -0.003539865 -0.015630579 -0.29869184 0.11258386 0.26226434 0.0007869636 -0.16864166 0.035043593 0.053753372 -0.097674996 -0.7152326 -0.08009848 -0.10732278 0.07374001 3.2401824 0.39150783 0.27762356 -0.14383022 -0.4069672 -0.051650073 -0.17735468 
0.1838602 -0.51101184 0.04541497 0.057372883 -0.7415766 -0.33762786 1.0884567 0.633414 0.26812407 -0.102489896 0.22428773 0.18446724 0.010317334 0.42553398 0.34703392 -0.31053308 0.7062733 -0.0779519 -0.43458378 -0.45168126 0.66559386 -0.45668423 -0.07276764 0.7164108 0.23495805 0.023927135 -0.35517684 -0.6141314 3.0182638 -0.44522023 -0.66210204 -0.68071324 -0.089782245 -0.09922339 1.1743897 -0.1527618 -0.8795449 -0.40392154 -0.8576207 0.13538219 -0.25127888 0.70569307 
-0.63274914 -0.27730265 0.9781696 0.9302907 0.09975789 0.08529151 -0.9038281 -0.726662 0.015749484 0.46967557 0.5754916 -0.35283536 -0.56939703 -0.836241 -0.4671411 0.48121285 -0.38826302 -0.46020108 -0.3441517 -0.12125945 -0.35707772 -0.10402328 -0.25784287 0.21295406 0.2558341 0.34029135 0.08607897 -0.23147151 0.38577247 0.17085987 0.046127107 -0.42112416 -0.00562471 -0.09549758 -0.5110027 -0.011958921 2.1918805 -0.36613032 -0.23283705 -0.4653917 0.5218261 0.29715267 
0.20892283 -0.30823565 0.18482734 0.59993064 -0.310963 0.24562845 0.20443386 -0.27338 0.010581651 -0.0535646 -0.16284464 -0.064346164 0.13525426 -0.10590721 0.033555068 -0.10339531 0.19706371 -0.17869945 -0.053793956 -0.21252878 0.15618129 0.27441955 -0.1023416 -0.17317605 0.10519497 -0.29090565 0.09888703 0.056447987 -0.21079761 0.088751584 -0.21521702 -0.007628216 -0.27703854 0.11828499 -0.008171213 -0.4480211 -0.748064 -1.0825895 5.181241 -1.1330218 -0.9802228 -0.41222703 
-0.20753543 0.07441593 0.24266775 -0.20083688 -0.06842177 0.5909976 0.36484605 0.07801001 0.028236665 0.10970016 -0.16089278 0.39980268 -0.11235425 -0.2749175 0.006525375 0.60270095 -0.13449492 0.135277 0.07696909 0.44146398 0.47692934 -0.24900879 -0.20852536 -0.3240486 -0.65486515 -1.2247685 -0.13713431 -0.37203726 0.35836208 -0.073512375 0.38046643 -3.7829149 0.30788392 0.069486886 0.15115152 -0.07685336 0.56893146 0.1445407 -0.020112157 0.03728201 0.044713777 0.12564492 
-0.21239631 0.13827266 -0.25135314 0.97360307 -0.7878933 -0.20033312 0.3481414 -0.5278787 -0.6296892 -0.26706302 0.44546288 -0.3530758 0.49764526 -0.6742075 0.09245921 -0.26384434 -0.015683552 -0.31211606 -0.18712209 -0.10288591 -0.42131966 -0.11672242 0.50776994 0.5374191 0.7528221 0.11147062 -0.33233988 -0.04384221 -0.5399281 -0.9742449 -0.22483858 0.61196023 0.22525159 0.24904367 0.1845546 -0.0843235 -0.037639733 -0.2484218 0.30130285 -0.22992493 -3.3033352 0.21638955 
-0.8258544 -3.3203635 -1.6404433 -0.6718375 1.6826137 -2.150518 1.3745667 -0.20214887 2.4458303 -2.8788555 -0.24306636 -3.139971 -0.9276584 -2.3623064 -2.227008 -1.3405362 -4.0048227 -2.762786 -2.222603 -2.4081137 0.8226593 1.037862 
1.3815775 0.56788313 0.16714703 0.4273375 0.62225014 0.48973393 0.64474547 -0.17211117 -0.0441612 0.45452124 0.4787724 0.15451057 -0.17292333 -0.16449353 0.23326117 0.45543578 0.6713561 0.8206558 0.31414536 0.02173884 0.11945256 0.40165088 
0.51238734 -0.006459302 0.77271104 -0.32133925 -0.07516947 -0.081551425 0.04906356 0.20289576 0.68761325 -0.2008778 -0.26601854 0.68243515 0.31064352 0.58838946 0.6644916 0.06399473 0.15379769 0.024689298 0.055296987 0.832627 0.8800369 -0.04581265 
-1.9023091 -0.89204407 -1.1890379 -0.049526583 -0.5222847 -0.8095962 -0.33846328 0.07843226 -0.6363785 -0.3442823 -0.18158635 -0.99531496 0.0172425 -0.41884762 -0.975154 -0.42898428 -0.70566547 -0.50057805 -0.5779822 -0.65499115 -0.8997956 -0.25155392 
2.5673656 1.315995 -3.420025 
