-0.35522056 0.10904465 0.15102763 0.83537513 -0.31418496 -0.48007748 -0.38991117 -0.44220653 -0.38683453 -0.29295227 0.65815836 -0.4975378 -0.20538248 -0.2933821 -0.21671595 0.096603 0.35520375 0.029468857 -0.13270965 -0.18650293 -0.63163686 0.2946793 0.5856672 -0.10978118 0.77555805 0.39001206 -0.10821184 0.4832083 -0.46665198 -1.1143003 -0.34306997 0.9588461 0.09894421 -0.9539595 -0.8300844 0.33955377 -0.37283918 0.24011825 0.056294642 -0.61563396 -2.1576984 0.5047162 
-0.20339426 -0.00740449 -0.03456387 -0.272031 0.17451504 0.29955664 -0.19921152 0.12331148 0.046860088 0.6277931 -0.33540332 -0.22134161 -0.12734886 0.45409015 0.06849793 0.0065307138 -0.11014159 0.4776203 -0.022483438 -0.15168981 0.104093276 -0.32897305 0.060318533 -0.55532795 -0.06966103 0.00887964 0.20861964 -0.10783377 0.14015768 -0.111097716 0.022609858 3.792113 -0.20561692 0.07236373 -0.30276337 -0.45057184 -0.05252029 -0.13035664 -0.003751555 -0.15283366 -0.30425182 -0.005327202 
-0.19118248 0.98770964 -0.3200598 0.18096985 -0.27266315 -0.3611946 -0.043771114 -0.38656116 -0.32946476 0.13736753 0.5828853 -0.56543255 -0.37814993 -0.29704192 -0.6699193 -0.2979331 0.01710548 -0.13664484 -0.27373075 0.13200985 -0.31658906 0.020628039 0.2841825 0.14897525 0.10168971 0.41377875 -0.03182939 -0.116514735 -1.15097 0.12927325 0.36480477 0.58137935 -0.060223974 -0.09642873 -0.080790885 -3.2342596 0.21740396 -0.24347757 0.35618684 -0.6949367 -0.16026045 0.096758045 
-0.045472484 -0.28030652 0.0075644203 -0.09766795 0.01630484 0.09398687 0.029146647 0.021999683 -0.049790047 -0.43988147 -0.397334 -0.16478992 0.04582278 0.5668807 0.02758747 0.2479475 0.09836023 0.95866585 0.2693022 -0.071254246 0.011192892 0.15265729 0.08210436 0.43660375 3.9901483 0.20958799 0.17115337 -0.06867908 -0.0918591 -0.13405931 1.1719209 0.45302927 0.33679006 -0.31908843 -0.11060485 -0.5283901 -1.200582 -0.8285711 -0.09719788 -0.4587078 -1.0549479 -0.4753173 
-0.47691882 0.52539873 -1.0995655 -0.08527896 0.24117866 -0.87522113 0.40148893 0.70930046 0.078770794 -0.31684163 0.22862342 -0.53669906 -0.30342603 0.44366363 1.0865854 -0.5478672 0.62011725 -0.06828655 0.7493354 -0.22788927 0.46887732 -0.42604387 0.34028515 0.13486035 0.88427246 -0.0021866667 -0.3244791 -0.6814169 0.9945909 -0.40089744 0.43813533 1.1800252 -0.3371605 0.10266385 -0.5121609 1.0465357 -2.759993 -1.4624652 -0.12913565 -0.7412799 -0.3175428 0.26046935 
-0.017174724 -0.29445255 -0.6098839 0.026613215 0.13666372 -0.1463019 0.16394785 0.70279586 0.05607226 -0.40071476 0.36790782 0.29524443 0.35353744 0.07869455 0.54491866 0.40166008 2.1548085 -0.42179936 -0.321348 -0.33058262 -0.43159705 0.22312915 0.18833746 2.531964 -0.27926552 -0.12690948 -0.14049433 0.1925783 -1.1321683 0.019457553 -1.0732082 0.8072321 0.039648954 0.25016627 -0.036201984 -0.33576676 -0.34155503 -1.633274 -0.28248104 -0.5029922 -0.49551553 0.16069245 
-0.50995606 -0.005558548 -0.09270195 -0.10585092 0.06227634 0.17372435 -0.29728964 0.11906624 -0.22508949 -0.29903197 0.262428 0.37965834 0.06980043 0.11108498 -0.12957081 0.40435255 -0.94923735 -0.30842897 0.56542206 -0.14713015 -0.1357985 -0.35970172 0.41908184 0.6342042 -0.07012084 -0.5265321 0.23654115 0.21105775 -0.060534116 0.25841427 0.17252152 -0.089310035 0.073075406 -0.31468007 -0.24271387 -0.44191483 -0.7520968 2.5667396 -1.30332 -0.63455725 0.07192758 0.16816936 
0.18550514 -0.554741 0.16693607 -0.028047742 -0.028181773 -0.8370694 -0.021248238 -0.2115473 0.044435948 0.018945705 0.06968613 0.2988765 -0.31329328 0.57436144 -0.091801964 0.036912702 0.14542837 -0.42774022 0.13043071 0.706734 0.38321567 0.13420387 0.19487545 -0.39494517 -0.16510782 -1.1508411 0.54837483 -0.22822496 0.12467355 -0.6503627 -0.32970324 0.16149117 -0.23942034 -0.16327932 -0.045251556 0.5840535 0.18278077 -0.28033048 -2.8769896 1.1177785 -0.45673528 0.12129212 
0.20630796 -0.22480002 0.60992086 0.11993786 -0.5885857 -0.72482115 0.063353725 -0.2747005 -0.07898919 0.19061835 0.4255489 -0.30396587 -0.043025356 -0.010040557 0.14967664 0.50483793 0.37262097 -1.0171287 0.012058671 0.07751964 -0.109963134 0.2685497 -0.07957486 -2.0167816 -0.2958331 -0.6163514 0.33883935 -0.13586693 -0.13704315 -0.18007673 -2.115104 0.6673143 0.34772512 -0.03437611 -0.121270664 0.3358983 -0.19585925 0.7361203 2.1813996 0.07928397 -0.383626 -0.2886094 
-1.8798213e-05 0.12829663 0.15788443 0.07108083 -0.08057969 0.5362801 -0.09572723 -0.08673361 -0.12113906 0.54574656 -0.11322775 0.42703152 -0.21437284 -0.23532753 0.19485022 0.22696328 0.010755511 -0.42494893 -0.26865122 0.12142163 0.23372273 -0.24757178 -0.084512666 -0.6149467 -0.90758574 -0.68928677 -0.3374092 -0.38110211 0.13289243 0.26894203 0.093166366 -4.0002217 0.44775537 0.12797655 0.25067344 0.026618615 0.56591195 0.23218457 1.1277269 0.35063374 0.275295 -0.10918114 
-0.7899234 -0.53045577 -0.43704885 -0.5798925 0.45791346 1.0343304 0.19302596 0.3243792 -1.2315536 0.057884634 -0.005933629 -0.9292878 0.89450634 0.14589961 0.18479367 0.14280076 -0.28368062 -0.11636792 0.26258472 -0.75517327 0.2029722 -0.47769868 -0.5529137 0.15713765 0.31957 0.3460831 0.14155933 -0.51444966 0.34867522 -0.3318496 0.1540882 0.018916337 0.1062262 -0.17224403 -0.7873191 -0.06283199 0.11899344 -0.20100252 0.8161866 -0.14436552 -0.21212831 -2.3037815 
0.115748405 -0.10808493 -0.0292307 0.68445295 -0.23517194 0.29408962 0.1073734 -0.1349373 -0.27993634 0.15857038 -0.34739935 -0.23692185 -0.08739287 -0.12816955 -0.18439038 -0.26957962 -0.01630516 0.021603592 -0.06279864 -0.18867165 0.40259778 0.038710345 -0.050455168 0.15541421 0.19033225 -0.19927384 0.10460374 0.13023123 -0.13131592 0.18669051 0.055182207 0.1413615 -0.5188692 0.099669404 -0.095441125 -0.22008397 -1.1739181 -1.2664175 4.97738 -1.2384734 -0.7118093 0.012988443 
0.9349449 0.57860124 0.06277606 0.9962159 -0.33130488 -0.7069735 -0.81859624 -0.28529218 -0.1697352 -0.28230637 -0.57219625 -0.57594234 -0.80068505 -0.4956099 -0.32692802 -0.24716623 0.22738907 -0.10341151 0.20972092 0.44940135 -0.38159353 0.23409817 0.04301961 -0.5348844 -0.19304602 0.4046103 0.12278706 0.021620708 -0.4650298 0.1467179 -0.30169243 -0.4995965 -0.12073121 -0.14667684 -0.0063602747 3.0548756 0.515597 0.36681888 0.17914824 -0.68116397 0.16601853 -0.46791235 
-0.7441253 0.28140292 -0.8853189 -0.05225912 -0.18386403 0.92919266 0.597662 -0.3798897 -0.50705045 -0.26054603 -0.24899796 -0.39405698 0.63636947 0.95576954 -0.39418742 -0.08027386 -0.1823183 0.22375605 -0.06481053 -0.34934816 0.08000001 -0.33197737 0.12766623 0.6582557 0.46633518 0.23577507 0.4588984 -0.108254306 -1.3489019 -0.4772619 0.46645114 0.17370762 -0.118456654 0.20317338 0.7715313 -0.18869768 -2.9339707 -1.0665765 0.45073846 0.008036026 0.07946634 0.22238338 
-0.11528217 0.050984487 0.021997398 0.027059235 -0.12995853 0.30826592 0.036527075 -0.33722964 -0.15180245 -0.13944207 0.5502189 -0.2496964 0.15932466 -0.2574849 -0.082937226 -0.18214555 -0.07775821 0.055255745 -0.24116528 -0.15130617 -0.31603253 -0.64988565 -0.00792302 0.02338359 -0.08834345 -1.0837411 0.036178265 0.02514368 0.18485846 -0.28930074 -0.2988774 0.13429435 0.18402858 0.13177666 0.005609951 -0.49835977 -0.918471 -2.1080606 -0.6595984 0.0067700585 0.20163691 0.044101153 
-0.4952842 0.27334848 -0.02751255 -0.21719699 -0.75553834 -0.14555971 0.19922261 -0.00942596 -0.2397088 -0.4330525 -0.117525525 0.19661704 0.011479973 -0.14281069 0.25544173 0.048314393 -0.504786 -1.2546269 0.09781706 0.28861937 -0.0108687645 0.07280901 0.22492285 1.0578772 -1.3597196 -0.65970963 -0.11638697 -0.08074339 0.25765496 -0.463199 3.1496086 0.5112406 0.6276295 -0.1365484 -0.21184203 -0.46117538 -0.56342465 -0.36218557 1.0257508 -0.17076005 0.05961285 -0.67310554 
0.36435303 -0.5370339 0.36477426 0.25448075 -1.4208301 0.0075059566 -0.25948852 -0.47950536 0.72819465 0.24798897 -1.382132 -0.24559775 -0.42886493 0.09830335 0.3040821 -0.39107168 0.0031816 0.3115608 -0.33345103 -0.007728446 -0.101550296 -0.28261483 0.11416315 0.12114876 0.10328409 0.088682294 0.12405976 0.3426081 0.545156 -0.2143769 -0.14894325 -0.46901882 -0.063272305 -0.4712335 -0.36500043 0.2184185 0.173901 -0.5420315 0.4525576 0.15605985 0.6549083 2.5645442 
-0.048389092 0.09197834 0.15885378 -0.02365405 0.14271007 -0.33717898 0.057356693 0.17426722 -0.23119181 -0.3515189 -0.26854086 -0.019919423 -0.2710201 0.23471186 0.8584582 -0.25972033 0.21611674 -0.58982944 -0.24852358 -0.38139102 -0.15433992 0.1658232 -0.14424825 -0.53142685 -0.14661986 -0.35101748 -0.030601582 0.24472408 0.29393074 -0.24414086 -0.27526224 -0.9221647 -0.6110759 -0.15228692 0.013709538 0.02090861 0.14376688 -0.3712283 -1.1910522 -2.825908 -0.35520348 0.023278685 
0.08366563 0.096646674 -0.008888997 -0.024420636 -0.7800168 -0.3190596 -0.21080303 -0.07424137 -0.19033308 0.010795407 -0.0012436826 -1.0712126 -0.20477489 0.4914296 0.15854025 -0.15830535 0.020095149 -0.0254561 -0.059934918 0.23954399 -0.07856087 -0.086112976 0.27891558 0.11860874 -0.452597 3.1409645 0.5488944 0.08311317 -0.37536964 -0.28316814 0.05351705 -0.35419786 1.6732084 0.066016816 -0.10439483 -0.1861017 -0.5270773 -0.00918907 -0.082748435 -0.2566334 -0.4315724 -0.30677086 
0.08370467 -0.5252196 0.79840213 0.29913488 0.15372866 -0.26349834 -0.21406865 0.9893935 -0.37035963 0.35323808 0.122056544 0.60628253 0.0562286 -0.283953 -0.17595945 -0.051504713 0.22047353 0.1493734 -0.50692314 0.107074484 0.2101002 0.09133589 -0.2504025 0.18681532 0.06110721 -0.17473227 -0.22612767 -0.43888173 1.1632749 -0.19823189 -0.31559035 -0.24246491 0.16498622 0.02900744 1.0697583 -0.04946638 -0.555605 0.16698514 -0.42187077 -0.41172433 -0.4662856 -0.64462215 
0.033026647 -0.107363 -0.74502385 -0.30375692 0.20422275 0.30583283 0.5133771 0.295445 0.027567971 -0.50999814 -0.76926434 -0.27624726 0.21548788 1.2551275 -0.2922655 0.25504532 0.47465903 -0.046851724 -0.23152944 -0.5206067 0.076341905 0.20691279 -0.46643803 0.033929583 0.24559358 -0.3531936 0.4031016 0.1553456 0.5036296 0.11532111 -0.5646785 0.00077529624 -0.12700458 -0.80069673 1.2649525 0.79596967 1.0407828 0.6081495 -0.77748036 -0.98431045 -1.9832469 0.6288759 
0.13695294 0.12072423 -0.13129427 -0.07772127 0.049010877 -0.07700625 -0.0033675046 -0.14231025 -0.095777035 -0.064133465 -0.12982282 -0.04316634 -0.010907471 0.08647591 0.049537268 -0.05162255 0.13172902 -0.07646834 0.13183777 0.010762023 0.004612934 0.039108034 0.05893261 0.02142837 0.10724884 -0.16139911 -0.16898859 -0.1593276 0.026782826 -0.15193214 -0.11053685 -0.048113294 -0.13733734 0.038997423 -0.041112103 0.011398043 -0.045322888 -0.14014551 -0.041979406 -0.003984582 -0.17683206 -0.0680909 
0.49289837 -2.9521677 1.525081 -1.9513881 -0.22338262 -0.089071736 -1.4623178 0.98202044 -2.6178017 -1.0042441 1.0446038 -2.8332977 -3.6021695 0.6050277 1.3340169 -3.5880048 -3.8281488 2.1218083 -2.386206 -0.40813798 -1.9708993 -0.17680892 
0.4393919 0.13944104 0.64874 -0.091853864 0.6899848 -0.12385311 -0.06333413 0.30360037 0.018806713 -0.22094244 0.3672215 -0.065399386 0.70759666 0.45245367 -0.3294397 0.04724913 0.89606345 -0.37248573 -0.033845033 1.5028924 0.41950512 -0.051389072 
-0.0035221216 0.66442287 -0.015027698 0.4855131 -0.08758237 0.45696753 0.42954737 0.7343943 0.5558073 0.3810963 -0.2016454 0.737706 0.17676601 -0.23660475 0.5845684 0.7390215 0.43048403 0.5906262 0.40373752 0.8967104 -0.18109758 0.083621405 
-0.49176368 -0.71540123 -0.36713624 -0.34005857 -0.38328275 -0.16636524 -0.14077912 -0.95079964 -0.6350191 -0.7076426 -0.54436165 -0.45192108 -0.7943746 -0.38912606 0.04967582 -0.46551526 -1.2167612 -0.30245867 -0.5565335 -2.1179118 -0.47935948 0.1533245 
3.031007 0.6963056 -3.6246622 
