0.491854 -0.22054183 0.31737223 0.7069034 0.8470477 0.1259229 0.042812232 0.46172056 0.20748545 -0.09218008 0.4003924 0.027136771 -0.46480346 0.6078348 -0.561526 -0.08789842 0.47457096 -0.79984194 -0.62718517 -0.07045916 -0.09064687 0.07743139 0.0046345973 0.43857265 -0.5860694 -0.37578863 0.3138895 -0.34933916 0.45726192 0.26293817 -0.13807076 -1.895101 -0.82521063 0.06483623 3.473849 -0.7537122 1.5682203 0.66285205 -1.7172757 -0.6268424 -0.12758963 -0.08451275 
-0.7627998 0.3281548 -0.27986497 1.3064148 -0.4149546 -0.7041791 -0.6254503 -0.99819255 -0.1270489 0.4188055 3.1690083 0.14316876 -0.33916056 0.19206281 0.35421693 0.5980526 -0.18112506 -0.8324542 0.17430855 -0.43465707 0.40805575 -0.3339665 -0.26754785 -0.11023532 -0.6132459 -0.5648398 -0.45212463 0.45940873 -0.23860656 0.21136796 -0.9096054 -0.058075737 -0.23000251 -0.36573333 -0.52399004 -0.33467007 0.44378152 -0.107847735 0.10298336 -0.7170141 0.5853864 0.37213406 
-0.54844636 -0.6322866 -0.00060346606 0.47832716 -0.41399476 -0.19314723 -1.013483 -0.15670025 -0.846141 0.37972474 -0.2127548 0.29360455 0.08374898 0.16789268 -0.44482505 -0.60266936 1.2366999 0.72317505 0.03612545 0.010595474 0.19597007 -0.1373387 -0.49853495 3.9472902 0.47368222 0.02090256 -0.48550326 -0.30854633 0.55185056 0.0022668524 -1.0464512 -0.07431248 0.67683065 -0.15004678 0.39245495 -0.5403083 -0.59054816 -1.0616007 -0.71365976 -0.43706426 -0.072581805 -0.5223599 
0.35059056 -0.0074026803 -0.010083157 0.560529 -0.12362981 -0.084210075 0.028037895 -0.35610035 0.67479646 -0.63319933 -0.019701589 -0.20402412 -0.98641545 0.25783244 0.03105095 0.21311958 0.14035316 -0.806732 0.7787768 0.15693982 -0.04171502 -0.10426669 -1.0244117 0.18421832 0.6363978 0.029213764 0.8999868 -0.029335773 0.41973516 -0.23203745 -3.0577416 2.9079874 0.87229794 0.10613531 0.4346248 -0.85330427 -0.5825798 0.8572791 -0.86858606 -0.6658663 -0.0470929 -0.5273349 
-0.29854304 0.18686081 0.05116057 0.49809426 -0.11893211 0.13543774 0.0016522291 0.079394616 0.39448392 -0.6308325 -0.6120423 -0.22390763 -0.3657188 0.34932223 -0.044707753 0.54985493 1.3183482 -0.79006946 0.40820664 -0.24928011 -0.17259666 0.032610808 -0.1469801 0.1892551 -6.403131 0.09438301 0.7271436 -0.3048257 -0.14748147 -0.11006897 1.5079254 0.0063272347 0.020354202 -0.22146071 0.1725253 0.44953522 -0.074537165 -0.44837928 1.284667 -0.32006195 0.13447289 -0.0019731529 
0.20170611 0.1715997 0.20265274 0.69275 0.023619901 -0.1901786 -0.61288327 -0.11219978 0.27865326 0.2221597 -0.4454958 -0.39855614 0.24060972 -0.09298632 0.37236416 -0.3113069 0.105066724 -1.1058947 0.58295864 0.49387082 -0.20652223 -0.36574298 -0.3468769 -0.5163517 -0.27514392 -0.09600736 -0.712849 -0.9044031 -0.3210129 0.047864024 -1.0939881 -5.608173 -0.28488138 0.911718 -0.10998322 0.4735543 0.112404086 0.077386945 -1.2210629 2.0018234 4.621763 -0.16806951 
0.036067612 0.41642323 0.17411673 0.07629206 -0.018079571 0.3385507 -0.28558952 -0.07547691 -0.36084402 0.034215815 -0.0508052 0.03629317 -0.20500542 -0.0119481515 -0.11386891 -0.68067783 -0.23620008 0.82683027 0.31117603 -0.74036777 -0.09877782 -0.0149634555 1.3137314 0.59415364 1.1790019 -0.5484947 0.9388546 -0.046481717 -0.269267 5.7617993 0.03970168 -3.7427254 -0.34533563 -0.46583498 0.043460723 0.56275594 -0.77516407 -0.05212587 -0.8942035 -0.6792123 -1.1273705 -1.1810265 
0.12963806 -0.023176897 -0.14902835 0.03772513 -0.03856041 0.11444305 -0.06822602 -0.11740626 -0.054826256 0.10552936 -0.047477305 0.09759063 -0.1315806 0.104245864 0.09376562 -0.07833098 -0.07764462 0.021781646 -0.07777265 -0.14528024 0.038284738 -0.110359825 0.08398416 0.03035381 0.05498558 0.041177265 -0.16673853 -0.11948184 -0.089485995 -0.1407065 -0.04091628 0.008114033 -0.022227576 -0.14292908 -0.0831067 -0.13220716 -0.106299385 -0.145689 0.022455994 -0.028335476 -0.119574845 0.03189269 
-0.046927772 -0.07717608 -0.017548198 -0.11423091 -0.15072742 -0.034373138 0.061376538 0.09658562 0.07092381 -0.034518186 -0.12351149 -0.108886346 -0.08086911 0.13037036 -0.10983643 -0.019727992 -0.0065031378 -0.0034121287 0.118436635 0.016741995 0.11122156 -0.07988774 0.0949966 -0.104220025 -0.00069181295 -0.032407805 -0.13965826 -0.12132872 0.08632318 -0.13110372 0.06453597 -0.050021123 0.05009142 0.058078192 0.06518468 0.01840911 -0.11923936 -0.12540297 -0.08429759 -0.06381408 -0.033238553 -0.1015289 
-0.44247425 -0.3451313 0.030977946 -2.011157 -0.83851534 -0.35600302 1.0472876 -0.34658948 0.09877423 0.06264217 -1.677456 -1.109568 -0.7305628 0.27062967 0.44913685 -0.71021944 0.7701444 -1.0588934 0.599973 -0.11212961 -0.5079017 -0.32189095 0.008240107 -0.14257254 -1.6167076 -0.058318757 -0.24578154 -0.22758521 0.9822296 0.88222265 0.06980995 -1.4615071 -0.42796457 0.16730255 -0.40002847 0.57843935 -0.39678526 1.6308936 0.69531053 -3.6226852 0.83587086 0.19903055 
-0.30596513 -0.25217313 0.05321381 -0.49016994 -0.08280376 0.32803506 0.55506146 0.32452548 -0.16040817 0.938072 -0.32888475 -5.3098844e-05 -0.30410895 0.42002234 0.1290689 -0.10392938 0.03427146 6.35688 -0.4813894 -0.32366645 0.23911591 -0.05124809 -0.68473893 -0.24156155 -2.3791203 0.6598586 -0.73212665 -0.16176508 -0.07108954 0.19553207 -0.0247475 0.2619829 -0.19238311 -0.02477022 -0.13759705 -0.75060695 -0.68978405 -0.20465833 -2.0533845 -0.08983664 0.042409405 0.9316604 
-0.28829864 -0.055042494 -0.75101423 0.17143118 0.008484987 0.74992853 0.44634783 0.16175027 -0.41046602 -0.45720452 0.47661704 -0.30675375 -0.62238705 -0.19788603 -0.052782208 0.10752581 0.41264996 -0.93930584 0.124651894 -0.011002495 0.22269656 0.62115675 0.54455304 0.43224397 3.871871 0.3579842 0.4093482 -0.274763 -0.24285315 -0.3847116 2.5948484 1.0149665 0.39675167 -0.52670544 0.25727782 -0.55475605 -1.0616235 -1.4592447 -0.38369742 -1.1867677 -0.25914901 -1.4007498 
0.1334074 -0.07736476 0.003685761 0.019732801 -0.09942594 -0.10957903 -0.0690509 -0.060445983 0.01293343 -0.0074364156 0.08784512 0.0070845434 -0.008190608 0.08708066 -0.09625848 0.07357878 0.042337783 0.061109193 0.10438555 -0.027854098 -0.048411656 -0.109970935 -0.13749702 -0.0072601256 0.00953915 0.110973515 0.022805402 0.012847039 0.0047241272 0.02053408 -0.14062665 -0.13181655 -0.15392773 0.017467963 -0.15805383 -0.15498704 -0.14357898 -0.038413994 -0.026389549 -0.105749704 0.011812415 0.00916161 
0.04837818 -0.1515334 0.038136616 -0.5297668 -0.5236019 0.08124215 -0.10680671 -0.14965534 -0.30982375 0.17309384 -0.5644369 -0.8757702 -0.021812268 -0.11049642 -0.27373967 -0.47543606 -0.6346327 -0.33498007 -1.2413045 -0.041190714 -0.37720546 -0.30191612 -1.117426 -0.10514856 0.7699824 0.19061819 -0.12039365 -0.53692126 -1.1985 0.35766068 0.65652895 1.4966184 1.1554608 -0.27124864 -0.7392106 -1.3846816 -0.99124146 -0.07877853 -1.6383611 -0.41891834 -1.6304 -0.41387004 
-0.25227073 0.42931366 1.1526703 0.36674675 -0.40400493 0.5140119 0.041608192 -0.44311523 0.34195516 0.6835159 -0.654053 -0.11965232 -0.010404751 -0.71510494 0.45171174 -0.20063041 0.18839878 -0.34669885 -0.5829306 -0.24401827 -0.7170404 1.6050907 0.40551108 -0.84403604 0.45150435 -0.07650665 0.17220189 1.24821 -1.7169049 0.8740144 0.2169582 1.703223 0.09114791 -0.21032299 -0.83828163 -0.61138195 1.0800755 0.016070738 -1.288148 -0.31879836 -0.8543477 -2.0065224 
0.034162268 -0.19029056 0.008314344 0.5035272 -0.23127276 -0.84086967 0.33394384 0.2806835 -0.24478865 -0.06864864 0.6567986 0.717303 -0.8148577 -0.24942356 -0.7619423 -0.47467065 0.36881304 0.22230719 -0.48344094 0.0032593645 -0.34040347 0.49304438 -0.027873034 0.62691915 1.4752337 0.4614992 -0.24437398 -0.55496556 0.11759019 0.122750685 -0.10656955 2.12552 0.38486856 -0.10335902 0.15992513 -0.97296536 -3.1949317 -0.98550236 0.24282815 -1.6530813 -0.45874476 -0.41091275 
-0.6763821 -0.10822932 0.10393443 -2.7398403 0.52102333 0.58357525 0.1497115 -0.9230722 -0.34281293 -0.49068603 -1.769337 -0.20415302 -0.056186225 -0.14084412 -0.12568146 -0.10661887 0.3670336 0.9704188 -0.20529999 -0.5043242 -0.49070716 -0.5392628 0.40393674 -0.2937624 -0.87875897 -0.34648716 -0.29953125 0.43930933 -1.284139 0.5299367 -0.34479323 -1.3954971 -0.2058266 -0.41950294 -0.10676362 0.14051624 0.30066794 -0.5253622 1.2012819 -0.21145825 0.898155 0.93577296 
-0.00836302 0.12884825 0.12615333 -0.15972066 -0.06915132 0.14215277 -0.0983133 0.043097742 -0.099803016 -0.09839142 0.0997558 0.003815906 -0.000110565496 -0.16103716 0.07162924 -0.093192674 0.09956676 -0.05343699 0.1037072 -0.09584212 -0.026603697 -0.14964211 0.028030315 0.07085762 -0.035537865 -0.15955596 -0.013695489 -0.02662451 -0.1559472 -0.18650948 -0.020810265 -0.119729295 -0.022868337 -0.030168112 0.0757448 -0.04669929 -0.08498464 -0.0911581 -0.05292169 -0.05134775 -0.049585495 -0.07101917 
-0.53963995 0.17915711 -0.26906753 -0.5073756 0.04464815 -0.2139083 0.5360527 0.2858515 0.041952804 -0.08006504 -0.1559234 0.06155428 -0.115611725 0.6681894 -0.19983433 0.40566376 0.97381204 0.11029449 0.28245726 -0.5475114 -0.32060233 0.022447385 -0.08156375 -0.007510144 -2.7545435 -0.20532496 0.6840265 -0.12640646 0.6284985 0.4243636 -0.25540742 -1.9949164 -0.49961078 -0.66142726 0.14936267 0.25516403 -0.68749326 1.7469472 -0.930778 3.7862654 -0.097803645 0.21231927 
0.05539749 -0.08564627 0.51064795 0.80848944 1.1679913 0.25245687 -0.2701999 0.25181168 -0.2468291 0.30784184 0.2904959 0.79613084 0.14887495 -0.5310459 -0.45462254 0.16599876 -0.08762485 0.11344692 -0.12422017 0.76564884 -0.12364394 -0.11376263 -0.21081714 0.111563735 -0.026370876 -0.30147538 -0.4135968 -0.6671451 -0.55557543 -0.004612066 -0.09917976 -0.17410535 0.1428083 0.10360737 -0.45512936 -0.5576568 0.042646494 -0.5112474 -0.046605244 -0.47792274 0.4173191 -0.07308031 
0.68202096 0.16483325 -0.13706622 -0.7036452 -0.17422882 0.5967423 1.0260208 0.4093402 -0.91511124 0.020366695 -0.08183143 0.3413983 -0.30837277 0.15505841 0.7519157 -0.42376518 -0.071397126 -0.2036339 0.25292224 -0.20692796 -0.39572206 0.589575 -0.4855785 -0.40144834 -0.5751894 -0.16897361 0.6874344 -0.06012505 0.88726836 0.11624098 0.017407512 0.21393256 -0.028984396 0.15289271 0.34658337 2.3943503 -0.75069225 -2.9396605 -0.4734343 -1.4515619 -1.4822284 0.66390103 
0.06965628 0.1012276 -0.15125254 0.014480204 0.061556175 0.029693 -0.06567159 0.04956509 0.03714195 0.07032153 0.058485113 -0.09576362 -0.061681304 -0.08668398 -0.12320995 -0.15087907 0.12228214 0.10565097 0.14023681 0.14283514 -0.14622837 -0.11657971 0.10293482 0.030231716 -0.047910172 -0.14668733 -0.13405901 -0.13213916 0.008708899 -0.14553636 0.02515925 -0.09485005 -0.10113565 -0.033462435 -0.027912105 -0.10584357 0.0533442 -0.15232411 -0.07846135 -0.14367191 -0.07413676 0.0066079875 
-1.7217848 -0.020721497 -0.5213546 -0.8682108 1.065957 -1.1286662 -0.9504234 -0.26662245 -0.16700917 0.64605343 -2.307971 -0.43634596 -0.10960173 -1.5016534 -1.1643809 0.26099044 1.2147567 -0.2478194 -0.8927993 0.0010634564 -0.561296 -0.14141163 
0.33350727 1.1959239 -0.5755508 0.15055667 -0.44999492 0.88719755 -0.3628489 -0.020955991 -0.11997669 0.7053849 -0.061229452 0.14772153 -0.060370304 1.8825837 0.73010284 0.95619553 0.8587395 -0.029226 0.87279135 0.48488587 0.39666507 0.13543285 
-0.3807071 0.5053194 0.5276634 1.0465481 1.009428 -0.089692496 0.8714019 0.16437767 -0.015025296 -0.47883618 0.88703144 0.8856596 -0.20205621 -1.7919835 -0.35294774 -0.2870384 0.046074174 0.20452112 0.10420997 -0.36825874 -0.49507236 -0.113779694 
-0.23686495 -1.5690912 -0.12005217 -1.5281944 -0.5596229 -0.85281307 -0.4174954 -0.09955477 0.17240398 -0.2851085 -0.59425175 -0.87055004 0.028035834 -0.034364592 -0.23700403 -0.41599023 -0.8007889 0.021971708 -1.0285226 0.03514706 -0.34153593 0.046208613 
2.273047 0.6590986 -3.207427 
