0.019552043 0.04057938 0.89196026 -0.36203864 -0.37040615 -0.105725996 0.25770137 0.0780286 -0.2427949 1.0714631 -1.3279195 -0.87961864 -0.07549113 0.16959935 0.38679424 0.39131254 0.40316516 0.009497793 -1.456109 -0.45818 -1.4388483 -0.1448631 0.39348063 0.38179538 -1.3368284 -0.86751044 -0.6872553 1.4563355 -1.8210526 1.2467936 -2.2974203 -0.5853759 2.0547385 -1.4328455 -2.4600627 -2.6228178 1.407189 1.8355608 -0.74931943 -0.60525537 -3.789567 -1.3314936 
0.5816662 -0.4303851 -0.7689151 1.2916067 -0.18918368 1.4249371 2.073818 -0.04317334 -0.59896106 -0.10204881 -0.13913845 0.47684792 -0.55689645 -0.60360706 -0.09868867 1.5604491 0.071104795 2.7685728 2.203545 0.23765054 0.8271735 0.6435871 5.1106734 1.9406852 0.83417016 -1.2141217 -0.5465157 0.74144 -0.08387081 -2.5415006 12.026788 -1.6334535 1.6872307 -1.7184305 -1.4969944 -0.9322249 -0.930332 -4.043835 -3.313579 0.7862611 -2.211032 -1.0300254 
0.1696398 0.60833323 -2.8429577 0.74324477 1.1422333 -0.36682448 -0.10077472 1.4239439 -1.307477 -0.35884914 0.017085271 0.1929016 -0.7546412 1.502299 1.006043 1.9686373 0.53740066 1.7010176 2.8607273 1.1862179 2.8747988 1.0402559 -1.1074922 -0.17103553 6.6053452 -6.6679664 4.193864 -2.2671938 -0.8475724 -0.31296843 2.3398387 3.80404 -6.277228 0.41815987 -0.28179944 -1.1165442 -2.0516305 -1.3729188 -2.961967 -2.7671604 -1.722868 -1.5045369 
1.3742436 0.5606092 0.24687196 2.4978554 2.8557508 -3.5371664 0.94536364 2.3253691 -0.9669179 0.12068941 8.283377 3.8001754 -0.994067 1.1181536 -0.72520673 0.7263442 -0.6587493 -7.2627625 0.7423897 0.7393309 1.2941961 0.16678923 -0.076820105 -0.7878429 -4.526851 -2.3631926 0.42381084 1.664604 2.6239023 -1.6254566 0.079190694 -2.3797336 -2.7820177 -0.7320104 3.176487 -1.605287 3.9980502 -2.87069 -2.4915414 -0.7956775 -0.8072344 3.6284223 
-0.1938184 -0.2629605 1.2587397 -2.882116 -0.36368033 1.645303 -0.394408 -0.8553836 -1.322186 0.92637 -3.37761 -0.02755095 -0.12668587 -0.009324852 -0.5503798 -3.8281271 -0.282473 -1.4421568 -2.6739643 -1.013655 -2.4393241 -1.2751967 0.5436539 -2.1052098 -2.793857 3.7663765 0.9047382 1.1871687 -0.708551 0.09621331 0.64494187 1.8894042 0.6134726 -0.386154 2.2347536 -4.355038 1.6132406 1.0065395 -0.4846751 0.18714683 0.90148616 -2.1678808 
-0.30748445 0.8819579 -1.3860593 0.73650414 1.9125975 -0.99619186 0.023712734 0.29489598 -0.6340687 -0.33971605 -0.629406 1.4798266 -1.0887886 -1.6161026 0.6896778 -0.1625147 -0.049845718 1.9105837 3.3085327 0.46321237 1.0801481 2.872016 0.5436333 0.6304331 -0.3060787 0.35821456 2.5748322 -0.177758 -1.5607566 -1.0057893 0.10346962 -3.478901 17.129602 -1.198387 -0.18014118 -0.5002334 1.1643621 -1.9436343 -2.3951979 -5.670328 -3.4086676 -1.7263701 
1.0375223 1.1416693 0.107332535 -2.512488 -1.0558242 -0.50360674 -0.109762244 0.83387375 1.1945943 -0.5189104 1.2264556 -0.3188513 -2.6607053 -0.36173353 -1.0533369 -3.375707 1.1238052 -2.2068472 2.196734 -1.62855 -0.95463806 0.9125297 0.753522 -1.5918788 5.01197 0.049529396 0.19818293 0.98319125 1.0373268 5.7227545 3.2814918 13.704118 2.7429183 -0.19417284 1.2740964 -0.92001045 -5.6184893 -1.6041837 0.44558737 -7.011093 -3.2646248 -5.377384 
-0.05064185 -0.21312708 1.4573418 0.041064117 0.11854845 -0.98236275 0.9097001 -0.86341566 -0.06751957 -1.2828431 -0.21892346 0.5000254 1.1015145 -2.3321974 -0.6682965 1.2524984 3.044615 -3.075628 1.0126504 0.25874528 1.2917799 -0.28824678 0.49569082 0.013516339 -17.217175 -1.2043084 2.9923477 -0.32936713 0.48526597 -7.4959817 -1.2887727 -3.9863706 -0.81793237 -1.6001645 1.9502319 3.6849368 6.401913 9.023683 3.117536 -0.025052054 -1.664868 -2.85149 
-0.77800065 -0.61685365 -1.0218989 1.7053025 -0.2750724 -1.3878833 -1.7205489 -0.58135897 -1.1949943 -0.36254388 -1.0765785 0.9625732 -1.3892088 -1.1524771 -1.9727136 -2.6941748 2.2302926 -0.74778956 -1.7244146 0.8932242 -0.12218646 0.023630418 0.075969405 12.919848 3.1012104 -1.3419632 -0.23747621 0.009179714 1.187698 1.9181508 -0.32092965 -2.693745 1.145508 -0.46946755 -0.9950083 -1.5854361 -0.87406373 -1.655499 -2.1954126 -2.7320442 -1.2230811 -3.677981 
-0.17722449 1.0794824 0.042442434 0.21949399 1.0648501 1.1721389 0.13993116 -0.43258974 0.19378167 -1.8923982 -3.0769544 -1.5141785 -0.3449478 -0.7260416 -0.55859387 1.0745845 1.7306514 -6.2375135 0.24213399 -1.4000376 0.68352103 -0.6024483 -1.1531217 1.6153115 -17.914179 0.47098047 -0.22347318 -1.2974116 0.7517632 0.7059231 0.14292985 9.854338 3.1438498 1.1800148 -0.045023132 0.31440783 -0.6468207 2.150881 -1.7770697 -3.1956162 -1.139199 1.6015857 
-2.4021418 0.72432846 0.63693774 -0.1304046 -3.4445171 1.6865839 -3.281026 0.92882425 0.9126497 0.18536565 0.6137972 0.18280336 -1.0547246 -0.073202446 0.809362 -0.756686 -1.750304 0.6259319 1.0857925 -1.8451118 -0.66678 -0.6389162 -0.30335736 0.9125946 0.08048968 19.808193 -1.3512564 0.17743544 -0.79918367 0.36795524 -0.40159866 -2.760241 -2.485479 -0.07558833 1.7716718 1.0473831 -1.1299626 0.60582757 -5.403449 -7.808567 -2.7568874 -0.3425774 
1.6876483 -1.0616232 1.249854 -2.9719298 0.042858504 -0.36720878 2.154142 -0.52422583 -0.016483681 -1.7890602 -1.8784379 -0.9224365 -0.38402835 0.3751233 -0.25796854 -1.2400969 -0.77887917 -2.42466 -1.4380676 0.13742274 -0.18087251 -0.036842167 0.72516996 0.19762525 -0.5711251 1.139065 -0.25364983 1.8964952 -0.8542351 -0.18576798 0.0022341637 -0.9793138 -0.028593063 -0.7202947 1.3455639 0.017561935 -1.896679 -9.888636 0.819749 -7.7279162 -2.8204687 11.140045 
-0.2950122 -0.41240796 0.9686752 0.8821092 -1.0002184 2.0043197 4.1223855 1.0022167 -2.4699092 3.3652804 -0.7438699 0.23476304 -0.4092409 -0.44341102 -0.037083153 0.6537959 -0.0026658282 20.233482 -1.9974658 -1.675531 0.69440794 0.47274897 -0.90548986 0.21022226 -7.9350877 0.097823024 -4.41685 0.52759695 -1.589013 2.6511834 1.3926907 -1.0033505 -0.62549776 0.95523447 -3.1763396 -1.8427674 -2.5628815 -2.1215336 -5.4382944 -0.71844745 -0.9879571 1.5158583 
0.7893218 -0.36490446 0.6135067 -0.74504864 0.8712864 -2.7925637 0.95051396 0.3593822 0.5781341 -1.5828977 -1.4843929 0.054156866 0.13762107 -0.35563695 1.2260815 1.7991078 4.539158 0.4562269 0.5220357 1.633616 -0.5244062 -0.49854776 -1.6766336 -0.77035844 -0.38232166 0.34004614 11.671009 0.744683 0.1587518 0.38918507 0.7164665 -3.392191 1.0803143 4.5043893 -1.4621551 -1.3870592 -2.2010791 -1.1073335 -5.565457 -5.0006537 -0.560428 -1.7711852 
1.021841 -0.77535534 0.043793157 0.30567455 0.98791975 -0.17689575 0.65791404 0.67521554 -0.30781084 1.1097605 0.8888732 2.4095738 1.0934709 -1.4402485 1.0700209 -1.7885246 -2.5731533 3.4961448 -0.3068664 -0.98773605 -0.32859528 -1.1412377 1.2407869 0.9913841 2.5570621 -2.9499886 0.55636996 -0.3641156 -1.384305 18.854822 -1.4600765 -11.227551 -2.4199653 -0.22270189 -1.5579042 0.11638058 -4.145585 -1.0233766 -4.3359413 -1.246195 -2.7799304 -1.0981047 
-1.7229745 0.87855554 0.14218044 2.524446 -0.60987467 -0.48348972 -1.4366863 -1.6974465 1.291165 -0.01980097 3.4155996 1.5333798 -1.9074644 -1.9805104 -1.387972 0.77647454 -0.83218557 -2.3230338 1.127 -0.09249725 -1.4790127 -0.21279857 -0.74409467 -0.059628244 -0.14698958 1.4389765 -0.15088518 -1.2760818 1.1721871 -0.3386703 -0.37160948 0.9952697 0.5895811 -0.022630898 -3.9811718 -0.51045173 -1.1124213 -2.9678473 -2.2658145 -1.851901 -0.99323654 4.4084916 
-0.4125047 -1.1211035 -0.76164097 0.24307743 -2.2013607 0.34342113 0.18654834 0.9656719 -0.8226349 -0.28227592 1.2180794 1.4038115 -0.6584836 0.88878196 -0.13416164 1.6462656 -0.3500954 2.2923172 0.8908804 -0.82604533 0.04407308 0.9998022 -0.5377284 -0.41330716 3.7407007 -0.1867066 1.0971962 -0.76544935 -0.019037813 -1.3838819 0.8473167 0.0207516 -0.15825927 -0.6524473 0.6680961 -1.8037335 -8.714555 -3.3778198 -1.1840643 8.290932 -4.2406344 -2.2855413 
0.3093636 0.8870326 0.15611495 10.389598 0.5727051 -0.8612725 -1.2002013 0.5678001 1.126258 -0.2715632 2.356111 0.33943978 0.21893705 0.8230137 -0.971324 0.7980442 -1.9519553 -2.0618374 -2.906643 -0.47076693 0.8907977 -2.8311162 -0.9069034 -1.0044485 -2.57957 0.43864176 -1.0462004 1.3856813 -1.9643431 -0.45008013 0.7697429 2.8517447 -1.486112 -0.28506517 -0.274227 -1.6542476 -1.6604011 -3.203912 -0.25136074 0.50883245 0.4609403 -3.3816776 
0.45837724 1.5810716 0.41745064 -2.866904 3.0036514 -0.6995911 0.6726691 1.3414569 -1.09773 0.018339122 -0.49487153 -0.27523777 1.2544658 0.06788789 0.25866497 -3.3103888 -0.5718214 -0.19904947 -1.6187253 1.556994 -1.2328995 -0.52973133 1.8681873 -1.7717202 0.22161363 0.9990643 -2.5899558 -3.0447903 -1.9629853 2.1950483 -6.0235376 -7.010494 -0.057420347 1.0931696 -0.045880266 0.7675119 0.9407462 -9.873333 -3.2614827 0.80716085 7.557296 -3.238296 
0.28757095 -0.026355803 0.12581836 -1.7566087 -1.2676872 -0.090066336 0.33770144 0.34756467 -1.299605 -0.03336402 -2.7944038 -2.8376796 -0.20760088 -0.05852518 0.6989751 -1.1909198 1.1483433 0.17154182 -1.9518312 -1.482715 -0.45470962 0.10695933 0.5419186 -1.1209803 -1.8724077 -0.49286506 -1.6389769 -0.40018418 -3.0452385 1.6136222 -0.48877218 0.99929136 3.4634433 -1.3948525 -1.6665059 0.4915276 0.55878943 1.9401344 -1.4831659 -3.911422 0.22700742 -4.624986 
0.52869475 -0.6656373 -2.0256681 -0.1530757 -0.09240554 -0.16631025 -0.44289446 0.5069652 -1.1117917 0.108203016 2.0493271 -0.013646438 0.54006433 0.2405271 -2.2821066 -2.3518212 0.559722 0.8453311 1.0088623 0.8134008 1.705182 1.8584064 -4.9536457 0.49885866 0.36250043 -1.4741113 -2.8860533 0.33267683 0.28954783 2.1366816 9.206029 -4.7018476 -3.8952372 -2.2534223 -0.4791719 0.7303207 0.59909165 -2.948646 -2.200836 -4.3320575 2.8816912 -1.3038828 
0.76962316 -0.3860272 -0.8862001 -2.1300392 -0.38731793 1.0525017 1.9019878 0.74813336 -0.5294027 -0.9522738 -2.8248224 -0.16344033 -0.28829128 0.61264056 -3.3843925 -1.8227332 1.099574 -0.96492577 -0.3366448 -0.1842541 0.30105624 1.8954238 -1.2969117 -1.1640761 -3.7760892 1.7009441 1.2109063 -0.2314231 1.9900084 -1.663699 -2.4984124 -3.9523578 2.5219016 -5.138871 -0.7384352 0.26661295 -3.1390593 -0.054112945 0.9444705 0.7296304 -1.8741684 0.19650368 
0.23567508 1.3720565 -0.5542562 -0.3433629 -0.5661033 0.9094698 0.52677345 0.17580128 0.9594462 -1.6913874 0.35977829 0.1859875 0.06089764 -0.30876833 0.4708736 0.69972044 -0.6983364 1.1835892 -0.3963385 3.5563586 1.4602591 -0.6960895 1.7690742 -0.9730274 -1.0711993 -0.3495288 0.9061226 -0.8952564 1.595284 0.8412547 3.3815176 3.3496664 0.9337666 0.4584296 -0.5292333 -1.4052393 -0.47786278 -3.0867844 -1.9407926 -0.31822008 -4.8543944 0.65016335 
-0.021194983 0.7390988 1.1554939 0.62636 0.12674889 -0.92408836 -2.5494726 0.018203344 0.2083661 0.060342416 -0.013346014 1.740587 -0.39600712 -3.275041 -0.38395512 0.25474668 -0.61452264 0.08746135 0.01635389 -0.5283462 -0.054532874 -0.14436495 -4.1217785 -1.2282681 1.6569183 -4.5902452 -2.200136 0.87608916 -3.7989678 -2.0806978 -6.2500424 7.762861 -0.6366143 1.605794 0.6472168 0.50228554 -0.8158482 0.9256256 -2.3247092 -1.250244 -1.2083865 -1.5003253 
-1.3682055 0.6370601 -0.25382805 -1.6083126 -0.58356506 -0.15064411 1.421056 1.2156068 -0.73541534 1.2410462 1.9361396 1.1934985 1.6829027 -0.46648237 0.01848551 0.78498304 -0.5770688 -1.148744 -0.9341256 -1.5834222 -1.3390374 -0.5438579 1.5168365 -0.3901873 -4.79822 1.0888884 1.2472277 0.05389708 -1.8237798 -0.36962995 4.091481 -11.881523 -0.09513876 -0.12044256 -0.502506 2.1386983 0.45478687 12.532251 -5.2530055 -0.09875481 3.2362928 0.65095097 
0.59409887 0.6296984 2.543454 1.6155249 1.3251036 -1.4306914 -3.4481962 -1.2362691 1.1516384 -0.0033394478 -0.95959777 -0.96261823 0.35564184 -1.9966589 0.70207316 -0.48325667 -0.4239089 -3.046758 0.7431559 2.7668297 -0.20966743 -2.3290637 -0.86554223 -2.3237848 -2.5191448 -0.26334774 0.21744654 -3.1437433 -0.9951867 0.7753525 -3.0863848 -14.53276 0.12814492 1.1334758 -1.847941 -0.22762114 1.5286529 0.9737237 -2.5646045 4.335966 11.157216 0.2232348 
1.6795378 0.67951554 1.0384392 -0.6044074 -1.5927932 -1.6610029 -2.5864863 1.7112868 0.23193736 0.16595146 0.22666286 3.7739284 1.1626631 -0.03710378 3.1881847 1.4553488 -0.61223537 0.45820206 -1.7187971 0.1538549 -0.57251865 6.3056755 -1.9976017 -2.1003509 -3.5135076 1.4292196 0.80289435 -0.12426053 -2.0945675 1.7495128 -1.2170361 0.5146505 0.44322446 1.0739844 -1.1868458 0.5532846 -1.1445299 -3.5562098 -2.5885262 -1.7101092 -4.8875756 -1.7560644 
0.85397965 2.0973783 -0.5454364 -0.10378337 -1.0361686 1.1362392 -0.15000562 0.5244652 -2.682909 0.042985838 -0.540895 0.3332457 -0.17941533 -0.8561943 -0.9647567 0.34820834 -2.7904382 -9.312034 1.3529516 -0.30483544 0.46216196 0.12635568 5.5469365 0.64594394 14.291376 -0.80405587 -1.6688131 -1.0844657 -0.9275491 -1.314647 1.9613414 -4.50082 1.0142646 0.74210405 -1.4131063 0.16799325 -1.0970792 -2.7219365 -2.1147957 -1.8379997 -3.0294878 -2.798203 
-0.39913127 0.08293142 0.21279046 2.0192707 -0.943465 -0.19317487 1.4151282 -1.1717477 -0.2534643 -0.6137853 2.8229952 -0.77473587 0.76040053 0.42849106 -2.1412368 0.3407844 -0.90094495 3.6295214 -0.74273235 0.35377795 -1.9801136 2.1059456 -1.130318 -1.2429383 1.353003 -0.49128813 -0.8790944 -1.4809725 -1.3727319 -1.6811442 -0.28527182 -2.0960195 -1.1428453 -0.31470865 0.4569644 -0.54078203 0.5130177 -1.7664306 -1.8219566 -3.4411318 2.0943716 -1.5592439 
1.6165634 0.4230457 0.6485242 -2.21651 -0.6929379 0.33712485 2.1832905 3.3285124 0.402583 3.1812558 -1.3371165 -1.7646616 -0.21269386 0.14620857 1.5577242 -0.909298 -0.12952462 -4.12425 1.9547372 -1.0263809 -1.101461 -2.0540566 -0.041601438 0.4788468 -0.78833616 0.8842915 -0.9415444 -2.289514 2.3904715 -1.466913 -0.44255045 -5.2434173 -1.9308076 1.0455347 0.67542166 -0.29655853 -4.5182734 -0.7786359 1.5702835 -7.2473836 0.9017684 2.9540706 
1.3712947 0.1329291 -1.1265473 -0.038349163 -0.28714597 -1.2315718 -0.6451154 0.82643056 0.14107351 -0.60984534 0.88657296 1.8472743 -2.982266 0.74982554 0.9380549 -0.32764158 0.763504 4.01606 -0.5123232 1.3055521 1.2510391 -1.3788687 -2.5695522 0.057732657 2.0276268 0.53332627 -0.87253237 -0.41600326 1.0425218 -12.886213 1.4910661 10.012143 -0.29802358 -1.2075822 -0.3360161 -1.555827 -5.5490613 0.21022168 -0.6312647 -2.1760795 0.18046382 -0.04454094 
-1.1378666 0.9015689 -0.57841533 -0.65435123 -1.9290904 -1.3224988 -1.9989636 -0.2771245 -1.1283615 -1.2301861 -1.080383 0.99083483 -1.8622547 -1.8705546 0.5731507 0.108700566 0.46147257 -1.0719461 0.4260325 0.42689142 -1.2080125 2.3782556 -0.26003408 -1.3203557 1.3505801 2.5353596 -1.1015481 1.7612851 0.8282097 -3.088548 2.2349253 1.9824892 1.0508947 2.2034466 -4.7616982 5.8545146 -3.3103426 -1.1069978 -2.8874137 -0.14571464 -3.936452 -0.38696435 
-1.2217841 0.8348322 1.000448 0.04078637 -0.45324972 -0.5039242 0.48294762 -0.19057095 -0.64372575 2.6292593 -0.11867818 -0.36509 -1.9776553 0.34663618 -1.1683104 -1.383506 -1.184169 2.9278145 -0.20809105 0.9751159 0.8372608 2.1112177 -1.5041801 0.052122567 -0.7151842 2.3718064 -0.7343039 -1.7770534 3.98807 -2.10631 -2.52586 -0.65784955 2.2805245 0.28079823 1.2927239 -1.6103002 -3.90706 -0.878694 -0.63103443 -1.5767354 -0.84244907 2.9000065 
-0.5409751 0.46421567 -0.4116125 1.7158287 -0.28423315 -0.5814088 0.5116729 0.1268533 -0.14941917 -0.5506693 -0.6980374 1.8982193 -1.7103624 -0.14966945 0.6295667 -0.8603158 -1.3889399 0.36126852 -2.4203303 -0.5209043 0.821576 5.585966 0.4394952 -0.80128336 0.42389527 0.13758457 -2.0242918 3.7816978 -1.9798408 -1.586015 0.79968697 5.9083276 1.1085393 1.7919118 -2.2590349 -3.4189947 -1.1514574 -4.2796087 -0.13391073 -5.9458413 -2.7545938 -4.831078 
0.6368081 0.351669 -1.198058 -0.18058752 -0.5948108 -1.7889857 0.9649679 0.58462167 0.37784284 -2.555547 -1.1209434 1.519645 -1.4621096 0.3645372 0.4374102 -3.2453701 -0.16915405 0.4749368 0.69240135 -1.1827785 -1.241923 -1.4007746 -2.161278 -0.84542096 -1.052469 1.0950462 3.2025454 -0.24889252 1.0846329 -2.6929538 -2.0736325 -12.5117855 0.42230684 0.93930125 0.2676645 11.187103 -0.57385415 -3.2219071 -1.2309319 -6.364473 1.4723374 -0.93301564 
-0.7070577 -3.3945255 -2.84184 -2.50989 -0.3813385 -2.3340988 0.5228412 3.06995 -2.1572886 -1.7482152 -5.433952 0.5190197 -5.420504 -5.654216 -4.3339777 -2.1944497 -1.1608859 -0.40698048 -3.1292565 -1.5434068 -2.256845 0.82606834 -1.9431981 -2.3557763 -5.034952 -2.527409 -2.5639184 -2.332611 -1.7068647 1.5417361 -0.5838276 -2.7015376 -0.469602 0.036686104 -1.3129045 
-0.34472954 -0.45290005 -0.04855456 -0.35835078 -0.38581786 -0.3441594 -0.28623655 -0.61616224 -0.09091489 -0.018867336 -0.14362286 -0.4842068 -0.37961048 -0.17212102 0.09615236 -0.21420702 -0.24787511 -0.25009835 -0.29842266 -0.36387527 0.019387653 -0.30745423 -0.50581217 -0.09215646 -0.59571326 -0.5031138 -0.26965696 0.07484296 -0.32419255 -0.24750754 -0.42594773 0.031516887 -0.35534865 -0.2993412 -0.17425975 
-2.081687 -2.4714248 1.378149 -0.8371863 2.3958356 1.7909815 3.1773736 -0.23694329 -0.68712115 0.22216137 4.8255043 -2.325058 -0.71671224 5.3335667 -0.96437985 0.462195 1.0623319 -1.4595797 -2.5368562 -1.0145658 0.10819634 -1.8847375 -1.593309 -1.3577236 -2.4867725 2.113302 -2.9090097 -0.6090942 -1.2585229 -2.3245485 0.1756355 -0.8606617 -0.054773696 -3.6755967 -3.6891487 
-0.029802067 -2.1184466 1.9465483 -0.6326308 -1.0264478 -1.0817957 -1.407794 4.61089 -1.4996152 -5.1911006 -0.03351157 1.549345 0.3469032 -1.8895663 -4.3612404 0.6096534 1.2762866 0.8849091 0.7519322 0.54150856 0.48956296 0.54110396 -2.4250095 -0.86032397 2.0249476 1.1762941 0.42015284 1.6418481 0.38967678 -0.023428733 -5.4799967 1.0176928 -3.055865 0.5076014 -1.7797058 
-0.44322738 2.611719 4.4782763 1.8978333 -0.09897526 3.9850845 0.9801837 -0.5423681 3.4646142 2.8585532 3.6000597 -1.7881166 6.2848654 4.2531543 1.6715745 0.04047086 -2.9764233 -0.25076184 -4.1821923 -1.0801669 1.3268558 -2.4383085 1.6696771 3.1115556 -2.4021862 -1.0535096 -0.28559694 4.8991632 0.33436957 -4.074712 -1.7833977 0.813149 -0.27163428 -0.5825077 -2.27101 
-1.1088274 -1.9205115 0.36267984 -0.83805054 -1.0653113 0.66203135 -0.036298662 2.1107554 -0.02253257 0.54335856 0.509859 -1.5014803 0.82367533 2.316136 -0.41499993 -0.3263667 -2.6814287 -1.1814697 -2.4473274 -0.13606785 0.6427818 -1.6701556 -0.042328414 0.8284727 -3.225678 0.21809441 -1.7072309 0.72184765 -2.2747974 -1.5353508 0.042322986 -0.41968766 0.8922158 -2.4883978 0.44121227 
-0.98894525 0.4532051 0.69519055 -0.9603039 -0.16238172 2.3639064 -0.055259213 -0.8905364 1.407335 6.6405935 -0.20791076 0.005089089 0.19584043 1.6768867 0.26316246 -1.2911868 0.32614717 1.2636795 -1.1714505 -3.2988245 1.0843533 -1.4935821 0.7280419 2.4232092 0.7351349 -2.7335174 -1.7262069 0.9241166 -1.9170634 -2.4427493 2.9368773 -4.938756 -3.7559159 -3.7145462 -3.4846287 
-0.07960375 4.101643 1.1992233 0.6857615 -1.7581313 0.0066814227 -1.7493352 -3.1936357 -1.1513938 5.916704 1.5920994 -2.1555593 -2.0302863 0.114531666 -1.9998692 -0.67614245 0.6057184 -1.0017734 -0.6271204 -0.7098305 2.6955655 -0.53055304 0.19621085 -3.2855537 0.8409141 -2.2500942 -2.373758 2.424697 -1.2644631 -3.0050454 -0.31688493 0.943456 -1.4938047 -2.1328955 -0.12144231 
-0.029834894 1.3298934 1.0916544 -1.8117113 -1.784258 1.917249 2.050058 -3.5629246 1.174157 0.60621107 2.2845168 -1.2771105 2.8938358 0.9193773 3.3436449 -2.7560396 -0.33777776 -3.480087 -4.019142 0.59926814 0.7533922 -0.06438848 0.04329577 -3.3290946 -2.0218852 -3.5821507 -1.681158 3.0598164 0.34969777 -1.9805728 1.2090884 -0.39275622 1.7525845 -2.3971295 -3.8465135 
-0.63367033 -0.8860595 0.07655967 -0.65955323 -0.9193384 -1.6258723 -1.5388887 -0.2940482 -0.28428465 0.27203098 1.9826773 -0.05300358 0.70757663 0.661309 0.3511451 -0.45055974 -0.19564144 0.2382066 -0.80296904 -0.5566569 0.4187468 -0.8058736 0.91663903 -0.1748255 -1.1877255 -1.2400932 -1.034417 0.8059319 -0.81226414 -0.50526196 0.65839 -0.39038795 0.7277206 -1.0041267 -1.1639638 
-0.8321466 -0.72535825 -0.04559331 0.30586562 -1.4844689 1.8860567 0.24253334 -0.6584425 1.684565 1.4687337 -0.72731996 -2.545114 -0.045987766 0.6307683 -0.9227263 -1.0068606 -0.9128737 -1.2147892 -1.2150129 -1.2552614 0.4672717 -1.6800616 -0.9498577 1.337936 -1.8951685 -1.2193851 -0.76611555 1.0231514 -1.734773 -1.7652704 0.47972643 -0.089202724 0.5017813 -2.8778431 -1.1636977 
0.09740526 -2.3953626 -0.9682073 0.23389128 -0.7949891 1.2389594 -1.8458866 0.6563244 -0.17813602 0.3201867 2.3378644 0.20788239 3.3052595 2.0552378 1.6598206 -1.9411044 -2.1277692 -2.4508455 -3.2893105 0.067535855 1.5239117 -1.5166042 -1.23288 1.4330178 -0.3992424 -0.5120199 -1.1770273 1.8761985 -0.3150435 -0.8056878 2.7115235 -1.8998493 0.879388 -1.9663965 -0.38375872 
-0.4048918 -2.4500291 -0.61589617 -0.78008974 1.7978172 -1.7826952 -3.901951 -0.8848958 -2.0150957 -1.7649225 0.13601509 1.577671 -3.9840453 -3.7684581 -2.5680861 0.85683334 -0.30157396 -0.047515348 0.54647744 -0.8963487 -2.2104328 3.5701532 -1.541547 -1.7780634 1.8049513 0.38716906 -0.31446934 -2.9441397 -1.8289376 1.649673 -0.17728582 -2.2678409 -2.6410122 0.32317892 -1.3498771 
-0.87476766 1.8985288 1.1855067 0.27717623 -2.5923462 1.182837 0.6861965 -1.7702613 2.2594488 4.1967716 1.4224626 -2.1409783 -0.63007927 -0.2971124 0.8127419 -0.7438917 -0.87233096 -1.000915 -0.9734503 -1.9843249 0.5783599 -0.5647355 -1.1568762 0.1922808 0.89997154 -2.3268325 -0.046286955 1.6739326 -0.93356913 -3.4984477 -0.0024516422 -0.04923478 0.25220665 -2.3694217 -2.3354528 
-0.7120715 -1.39607 0.630451 -1.1481135 -0.34515607 -0.47982246 -0.967914 -1.1196718 -0.33626667 1.803123 3.828279 0.3381548 0.6355292 3.252263 -0.47340798 -0.22134946 0.3047415 -0.05247863 0.2019991 -0.89691263 0.972249 -2.371252 0.99951273 -0.48471272 -1.0558594 -2.0227737 -1.632936 -0.39957944 -0.69677 -1.6549977 0.88795894 -0.28615445 0.45348033 -2.4528973 -1.8598554 
-0.99759305 -0.40201268 -0.42324266 0.25375354 -1.0751629 -0.3473921 -0.81480837 -0.28671858 0.6279251 0.68802166 1.2702001 0.120463796 0.49329594 0.5943645 1.2675408 -0.8216731 -0.8836046 -0.9846345 -0.529979 -1.0580009 0.18694302 -0.45032862 -0.78454524 0.97159034 -0.7248881 -0.7587158 -1.3126453 2.0105095 -0.46395078 -0.8839976 1.0973369 -0.16902813 0.18664649 -1.1840005 -1.226627 
-0.7335375 -0.7051635 0.6531272 -0.83629346 -1.1893613 -1.0161229 -1.0455339 0.56346995 -0.6419729 0.104509644 0.5238544 0.06136128 0.33907008 1.2530038 0.50312984 0.19563289 -1.1984085 -0.5317872 -0.05744056 -0.46842688 -0.015210635 -0.4487924 0.03931461 1.5690237 -1.5767767 -0.033009693 -1.1046547 1.361859 -0.1793234 -0.47747734 1.0329381 -0.22116531 -0.5836647 -0.84017813 -0.39547202 
-0.78451556 0.24525847 0.104838856 -2.697455 -1.6377132 3.2882555 1.2686833 -1.0572726 1.5271221 2.8148158 -0.43099907 -4.5047894 1.7111082 1.3456578 1.0468097 -1.5792927 -2.5362535 -1.0842016 -2.8628187 -1.2268893 1.1537741 -0.38138953 0.785023 0.2598098 -0.009280817 -2.1079986 -0.5002771 0.0070613325 -2.1395388 -2.7278602 2.015714 -1.151677 0.84016216 -3.419983 -0.6445651 
-2.2059052 0.083267584 2.7436666 -2.4516354 -1.8245083 1.7410523 3.1359181 -0.46600306 1.597439 2.448975 1.2419815 -3.1472948 0.5832467 0.7769094 2.5675604 -0.7846631 -3.9559097 -0.7508784 -3.758749 -1.7870619 -1.4842871 -0.55727595 -0.9073662 1.6291537 -2.1111543 -1.5933374 -2.4205503 -0.13381548 -0.32401183 -2.442253 0.09122128 -2.0102737 -2.8544247 -1.2409717 -2.346879 
-1.0826839 0.32016468 0.3607946 -0.9643486 0.93813616 -1.7737603 0.053972762 0.8305788 0.39581954 0.70227885 4.2230964 -0.078485355 5.346115 2.015229 3.175822 -0.7414779 -3.5911374 -1.0574832 -4.073117 0.48236826 1.5287851 -0.72241515 0.4501054 -1.1821171 -0.4786329 0.30978158 -1.2712113 2.127227 -1.1612113 -1.1979449 1.4180807 -0.3499875 -1.0370127 -0.7908876 -0.39922115 
-0.9349246 -0.13955699 1.6837645 -1.6691345 -0.7435812 1.2529852 -0.3405191 -2.119311 0.65077376 1.3872846 -0.012868079 -2.3412046 1.0679064 1.5292444 1.5095853 -1.6468662 -1.067104 -1.204857 -2.7397444 -0.7530124 0.26074928 -0.3602896 0.9409436 -0.24024914 0.18187386 -0.2685253 -1.1550169 1.7746087 -1.5709034 -1.70463 1.4403387 -1.9440928 0.7793765 -2.221801 -2.2280352 
-0.34968695 0.051977538 -0.20020464 2.7570777 -1.4980998 0.36091828 -1.9934796 -0.9827688 -1.2631611 -3.066116 -2.2566934 1.800686 -0.24427637 -2.6742969 -1.8262136 1.8876284 -2.2910154 1.0655837 0.6859706 -0.08919609 -2.0974946 0.3549089 -0.8902621 -2.4405553 -2.5252397 1.0018077 1.8470309 -2.2335532 -0.033706743 -0.11667827 0.26010922 -0.35109422 -1.7527121 0.5011047 -0.2826632 
-0.7902059 -0.88423574 0.7253049 -0.98729825 -1.04745 -1.0849236 -0.09246484 -0.255147 -0.1653672 0.13278891 0.6294868 -0.8801312 0.4082947 0.70489335 1.5399078 -0.6387809 -0.8272769 0.07701309 -0.7229067 -0.51439846 -0.32085723 -0.5543609 -0.21046181 0.48596776 -1.1554939 -0.2913195 -1.1113156 1.0235976 -0.6845485 -0.6882689 0.21976945 -0.94572306 -0.5564965 -0.7174138 -0.6531725 
-1.3760144 -4.580945 -3.0570166 -1.2506354 -1.9636167 -5.0330305 -5.577132 -6.460567 -2.4883635 -2.1523936 -5.0920544 1.885787 -4.0235124 -3.0711236 -2.3512487 -2.1271367 -5.415105 -3.5539694 -6.7378616 -3.473102 0.27737042 -1.7206862 
0.07442911 -1.0811021 1.8738841 -1.5688165 -0.45391878 -0.86715645 -1.5044115 -1.8536781 -0.45068836 -0.90364236 -0.62192994 1.4992471 -0.45286855 -0.81280553 0.08179558 0.26181585 -1.075078 -1.1511856 -0.8477098 -0.92938584 1.2202566 -0.044437796 
-0.38977107 -0.91073513 1.2325691 -1.1731702 -0.69926167 -1.2768445 -1.2915804 -1.8773931 -0.74054646 -0.8408752 -0.9628232 1.2713473 -0.7179914 -0.6068973 -0.53001875 -0.5928151 -1.093657 -1.2351383 -0.81162095 -0.93293643 0.7447472 -0.46739274 
0.14670174 -2.0516741 2.006709 0.6084154 -0.68422914 -0.09039525 -2.0466692 -2.0948067 -0.6851504 -0.968652 -1.2798193 2.7759128 -1.6317115 -1.4418154 0.30353457 0.6912557 -2.2891803 -2.3913293 -1.9722782 -1.1827646 1.4937865 -0.15018141 
-0.7197837 -0.7240139 1.338858 -0.9605954 -1.003194 -1.826666 -1.4834436 -1.5690813 -0.9776473 -1.1193929 -1.2111951 0.6194918 -0.87384593 -0.8771375 -1.1165981 -1.3656999 -1.169117 -1.0974905 -0.9365663 -0.9757855 0.8990504 -1.2360677 
-0.2678036 -0.8962662 1.0515305 -1.1784267 -1.1011474 -1.5356748 -1.4879978 -1.6996539 -0.5746304 -1.0636394 -1.0103403 1.1204717 -0.54805493 -0.75073916 -0.868097 -0.7215854 -1.0827008 -1.04621 -0.9444529 -0.81580544 1.0576231 -0.77667046 
-0.29131815 -0.9141763 1.8192273 -1.3354867 -0.55090433 -1.2268384 -1.4009736 -1.7247888 -0.6397952 -0.85961133 -1.0078539 1.0755996 -0.80568594 -0.7167717 -0.4492024 -0.72099495 -1.1228477 -1.1397359 -0.8021027 -0.8587813 0.78623426 -0.40122548 
0.13065775 -1.2052352 1.2760439 -1.5943004 -0.3432408 -0.82051843 -1.3479764 -1.7990727 -0.30873334 -0.9696872 -0.78149736 1.5040542 -0.5618843 -0.65053064 0.104494594 0.4250703 -1.2474629 -1.1419877 -0.96872085 -0.7937899 0.99997187 -0.10180058 
0.011689501 -0.9648382 1.7539945 -1.3919446 -0.47254628 -1.1160263 -1.3864393 -1.8879097 -0.5261881 -1.0721338 -0.9182855 1.4831096 -0.5085379 -0.7416109 -0.45871112 -0.27727914 -0.9544169 -1.1773489 -0.7192397 -0.82449 1.0709637 -0.45294696 
-0.27921775 -0.86062247 1.7281678 -1.2169635 -0.8551195 -1.5653858 -1.6119504 -1.9484963 -0.71278626 -1.1251314 -0.95998794 0.8454166 -0.3245871 -0.69271016 -1.0325738 -1.0275061 -0.9777411 -1.1391379 -0.73185164 -0.8482614 1.0123041 -0.9101179 
-0.357394 -0.8371824 1.170137 -1.3376749 -0.89265364 -1.2412097 -1.4229403 -1.5672253 -0.6922408 -0.91158336 -0.9347952 1.0081767 -0.70554805 -0.7597528 -0.36321887 -0.4189834 -1.1278502 -1.1464669 -1.0029029 -1.0361326 1.2002887 -0.27444 
-0.38373128 -0.40890726 3.181904 -0.23549946 -0.28693524 -0.28831258 -0.40093702 -0.33842552 -0.2036723 -0.30937716 
1.9250176 2.1724622 3.0811214 2.428474 2.1737592 2.171408 1.7904221 2.2632058 2.3134987 2.1846375 
-0.60610914 -0.6495575 -1.3748137 -0.7966476 -0.85083795 -0.7455789 -0.7793152 -0.49139982 -0.7055273 -0.71963394 
-1.3450981 -1.6024135 -1.9438459 -1.3494173 -1.0848732 -1.807476 -1.245688 -1.7641993 -1.32133 -1.229489 
0.07948678 6.2190714 -6.042685 
